con1	con1	trt1	trt2
STPG1	5.44	11.33	10.27	9.21
NIPAL3	21.7	45.86	52.86	47.34
AK2	218.94	208.22	174.24	184.19
ST7L	10.82	13.65	8.27	13.89
DNAJC11	68.02	65.5	53.2	50.54
E2F2	2.53	1.65	0.45	0.46
CSDE1	357.04	298.74	321.6	299.5
METTL13	80.97	71.6	56.32	46.55
SCMH1	23.42	22.46	20.25	20.83
FMO1	0	0	0	0
ATP1A2	0.18	0.32	0.05	0.06
RUNX3	1.23	0.47	0	0.1
DEPDC1	28.77	20.43	6.25	4.44
KPNA6	18.56	20.7	20.46	20.31
SARS1	218.55	248.6	159.82	153
LRRC7	0.13	0.19	0.05	0.16
ZZZ3	19.84	19.94	18.57	19.15
SLC66A1	14.77	20.61	21.43	21.94
USH2A	0.01	0.01	0	0
VPS13D	6	7.78	6.34	6.82
COL9A2	0.84	3.89	1.46	1.32
H6PD	18.44	11.18	17.6	18.38
UTS2	0.03	0	0.48	0
SIKE1	20.78	30.37	34.54	28.77
OPN3	5.37	4.39	10.51	4.4
SDCCAG8	9.51	11.04	16.08	14.82
HHAT	2.82	3.94	2.92	2.08
KIF1B	19.92	19.15	23.64	25.43
SZRD1	136.33	132.94	161.16	139.55
PITHD1	45.01	40.3	63.8	58.27
LAMC2	61.15	59.39	98.17	110.23
ATP2B4	71.34	89.85	103.91	103.48
NDC1	48.34	34.23	20.37	18.33
TARBP1	24.5	25.14	24.7	29.49
PTPRU	3.14	5.73	5.43	3.83
COL11A1	0	0.08	0	0.03
CHI3L2	0.38	1.44	0	0
PKN2	18.51	18.41	17.46	18.92
SPEN	21.22	18.56	19.13	23.61
KDM4A	20.75	26.75	32.35	33.82
NFYC	48.6	38.17	45.11	40.43
ASPM	31.06	15.87	5.35	6.18
EVI5	6.34	4.22	8.43	8.26
RRP15	21.58	18	11.45	14.68
IARS2	59.05	45.1	51.54	50.24
NUCKS1	256.17	152.08	93.27	90.9
TGFBR3	0.97	0.42	1.18	1.66
EIF2B3	34.58	36.97	52.37	44.66
CDC42	97.18	52.55	92.9	67.93
PTGS2	0.5	0.65	0.98	1.14
ENO1	4216.06	3324.6	3933.17	4412.53
EIF4G3	21.84	26.02	29.58	30.71
RASAL2	16.52	24.95	23.88	28.43
PLXNA2	1.8	5.3	11.69	10.08
RAP1GAP	0.24	0.2	0.17	0.05
UBE2T	65.11	50.7	35.15	36.65
USP33	24.08	26.49	29.61	30.15
CAPZB	217.86	209.71	182.06	189.6
GNB1	296.27	250.23	236.34	232.55
NRDC	80.06	75.68	78.27	83.07
SDF4	188.82	237.91	217.06	180.41
CDC14A	1.56	1.11	1.6	1.85
MAGI3	3.71	4.18	3.9	4.76
PTPRC	0	0	0	0.01
CACNA1S	0	0	0	0
JMJD4	13.8	12.62	13.45	13.75
DUSP12	39.77	24.47	26.01	25.24
TRAF5	6.54	9.6	4.93	7.83
PLOD1	208.93	263.74	251.67	279.23
SMAP2	28.73	34.62	34.66	37.01
PPIE	55.17	53.91	63.14	55.01
COL16A1	97.06	131.87	21.7	25.44
TTC39A	0.15	0.23	0.13	0
RAD54L	16.87	21.4	9.76	7.59
MAST2	20.12	23.52	29.21	32.03
ALG6	10.85	12.85	12.15	12.23
ASAP3	6.18	8.02	7.7	7.14
SLC9A1	12.71	13.92	20.97	19.87
PABPC4	198.3	205.2	257.17	247.47
USP48	29.34	32.86	38.16	40.41
FH	94.46	72.81	66.66	60.73
TBX15	9.98	10.91	8.02	7.58
PHGDH	179.68	188.57	97.21	86.91
CLSPN	19.43	18.63	20.66	20
TGFB2	53.88	103.01	35.71	44.31
GPATCH2	7.21	8.02	8.45	9.04
SUCO	14.08	12.47	17.68	16.28
ACOT7	57.82	43.03	34.76	35.74
SH3GLB1	53.5	57.77	58.41	63.19
CDC7	7.52	6.68	5.8	5.78
PALMD	1.98	2.97	0.83	0.44
DVL1	74.21	71.46	74.07	63.66
BCL9	9.63	6.63	6.99	5.95
DHCR24	60.68	91.53	61.24	55.38
TNR	0	0	0	0
CACYBP	208.17	168.3	132.39	130.15
SCP2	91.35	123.76	146.58	130.26
PAPPA2	1.49	2.52	0.3	0.26
RALGPS2	10.85	12.09	26.2	27.88
WRAP73	17	25.13	18.42	16.49
ERRFI1	59.48	32.67	59.57	59.38
PARK7	375.44	363.13	373	354.33
ELAPOR1	0.12	0.27	0.27	0.27
MECR	59.43	53.09	50.77	51.98
EDEM3	11.06	13.41	16.98	17.78
RAP1A	55.22	55.88	70.41	69.2
RNF19B	7.66	7.22	11.02	9.53
SCAMP3	61.19	71.66	70.36	67.45
TRIM62	3.05	3.69	5.81	4.34
SFPQ	238.42	185.49	178.56	196.38
RHOU	1.68	2.73	3.58	3.6
ARHGEF2	80.15	108.32	69.26	79.36
MEF2D	18.21	17.11	11.75	18.49
C1orf21	13.95	11.99	12.61	13.69
MAD2L2	48.19	42.95	36.59	32.62
DNAJC6	0.62	0.77	2.56	2.07
LEPR	1.63	1.69	3.08	3.76
IVNS1ABP	41.22	41.04	33.21	33.08
PDC	0.05	0	0	0
SLC35D1	7.29	9.78	10.26	10.63
PLA2G4A	5.71	6.59	5.91	6.3
GADD45A	52.25	68.65	99.26	85.15
WLS	129.38	169.89	145.46	146.59
PRDM2	11.86	12.44	16.19	13.46
RGS2	5	3.39	9.49	10.69
RPE65	0	0	0	0
AMPD1	0.09	0	0.04	0
CTH	10.66	17.76	31.82	40.01
AGMAT	2.92	3.91	1	0.75
ZBTB17	24.43	23.79	19.88	20.13
CD58	22.07	20.96	21.52	23.03
TFAP2E	0.49	0.44	0.51	0.68
CD2	0	0	0	0
TTF2	22.7	19.28	6.53	14.62
KIF21B	1.71	0.65	0.88	0.66
TMEM9	53.36	68.69	38.98	40.23
MAP7D1	134.54	111.47	114	106.54
WARS2	9.47	11.09	6.68	8.24
MRPS15	117.19	112.11	71.42	67.41
MYCL	2.62	1.89	1.64	2.56
SIPA1L2	1.79	2.29	8.49	7.61
KMO	0.09	0.03	0.14	0.02
AKT3	22.74	30.9	37.93	33.89
ETV3	9.76	9.33	9.97	8.49
ST6GALNAC5	0.23	0	0.22	0.15
ADGRL2	2.81	4.62	5.4	5.06
PADI2	0.02	0	0	0
MFAP2	67.03	62.1	28.57	33.32
RPF1	31.57	26.08	27.7	30.86
KDM5B	18.41	23.35	31.26	33.73
UAP1	135.08	232.52	523.28	591.72
ACTL8	0.78	0.11	0	0.08
PLA2G2D	0	0.07	0.04	0
GBP1	2.83	4.13	0.69	0.66
CDK18	1.6	4.02	1.34	1.48
ECE1	24.56	22.45	38.91	38.65
GALE	66.31	73.8	75.02	70.84
CD46	72.1	90.96	102.93	108.84
PRPF3	37.39	43.07	40.88	47.33
SLC2A1	185.65	221.97	326.42	398.97
B4GALT2	73.98	71.64	41.61	41.41
ERI3	53.62	49.87	44.9	41.39
AKR1A1	99.23	109.4	91.76	100.26
PRDX1	710.82	690.02	1334.8	1223.07
PIK3R3	6.03	7.86	15.08	13.28
SLC19A2	8.22	6.6	5.77	7.15
NSUN4	8.65	8.55	9.25	10.4
CNN3	429.13	477.43	622.1	599.69
PRRC2C	118.49	96.45	87.29	92.01
VAMP4	13.54	15.27	9.17	9.22
DPH5	22.84	33.02	20.27	19.24
FASLG	0	0	0	0
PTBP2	10.53	7.82	4.49	4.34
TNFSF4	0.07	0.19	0.41	0.61
HSD11B1	0.34	0.09	0	0
UTP25	7.65	8.3	6.26	6.34
SYF2	38.95	28.25	34.91	35.59
RSRP1	15.92	35.17	60.38	61.9
RCOR3	16.23	16.65	14.52	13.43
STMN1	526	273.37	271.59	258.29
MAN1C1	0.05	0	0.09	0.13
RPS6KA1	11.51	9.54	17	15.38
ARID1A	28.97	24.93	23.28	21.33
CENPF	59.71	31.24	9.61	11.83
PPP1R8	59.53	44.53	38.47	31.3
STX12	20.98	23.2	38.67	36.96
OSBPL9	68.74	73.52	73.33	76.62
KIF14	12.73	7.46	1.92	1.81
SGIP1	0	0	0.01	0.02
CASQ2	0	0	0	0
RAB3GAP2	13.58	14.51	15.59	15.61
C1orf198	19.87	29.72	23.47	23.26
TRIM67	0.04	0.33	0.33	0.52
MRPS14	15.83	20.25	25.88	24.36
SEC16B	4.05	6.42	2.95	3.62
GORAB	10.24	15.06	16.49	15.25
TAF12	24.65	32.64	46.69	47.7
UBIAD1	18.11	15.06	8.66	8.82
TARDBP	166.93	196.94	214.31	214.07
TNFRSF8	1.9	1.59	0.04	0.16
ECHDC2	7.23	17.09	6.06	6.53
LHX4	0.23	0.51	0.36	0.25
GJA8	0	0	0	0
ZCCHC17	35.78	36.16	43.64	39.65
KHDRBS1	208.53	151.6	136.75	130.27
TMEM39B	16.1	16.18	13.86	14.93
TMEM54	62.11	72.62	36.83	34.6
ZSCAN20	2.09	2.24	2.47	1.97
LRIF1	7.09	9.37	10.26	10.69
TMIGD3	0.12	0	0	0
GPSM2	31.14	19.3	14.58	15.28
RPL5	1636.37	1434.74	1429.26	1471.99
PTGFR	7.52	9.61	4.17	3.43
SPATA1	0.4	0.04	0	0.1
RWDD3	11.66	12.41	11.36	10.71
ZNF644	18.91	18.19	18.84	16.96
CDKN2C	38.58	26.33	23.11	21.35
RNF11	69.75	70.68	114.56	106.67
ATPAF1	21.39	24.12	28.53	22.23
BATF3	5.24	1.4	1.11	0.42
MIR9-1HG	0	0.31	0	0
ATG4C	11.51	9.74	8.41	8.43
HNRNPR	203.92	156.87	124.18	111.16
PSMB2	131.66	114.14	90.41	88.26
ST3GAL3	12.68	14.89	13.01	14.3
TMEM53	3.08	2.59	3.81	3.96
DNAJC8	121.77	108.48	108.66	105.61
AHDC1	8.53	10.78	12.12	9.89
IFI6	8.83	15.18	17.14	15.43
HIVEP3	11.9	6.06	5.9	5.93
EDN2	0	0.63	0	0.06
PLA2G5	0	0	0	0
UBR4	33.55	37.04	48.99	49.12
MACF1	36.52	43.08	67.05	64.37
CEP85	17.05	15.47	18.52	16.92
SESN2	20.83	29.27	22.1	20.58
ATP5IF1	131.06	123.27	96.6	99.45
MED18	11.05	12.81	10.83	8.46
THEMIS2	2.74	3.04	5.36	5.39
UBE4B	20.22	26.43	26.04	24.05
CAP1	312.53	343.35	339.66	309.1
PPT1	145.76	129.35	93.9	96.37
FMO5	0.66	1.2	0.46	0.66
PIAS3	29.54	31.48	46.95	48.76
SPATA6	0.31	0.27	0.28	0.68
ZRANB2	72.04	82.69	85.11	89.12
KHDC4	18.26	32.91	30.62	30.3
APCS	0	0	0	0
NASP	252.57	174.19	198.84	192.64
PATJ	0.8	1.17	0.29	0.13
KANK4	0.02	0.27	0.05	0
CPLANE2	0.61	0.73	1.14	1.78
CHRM3	0	0	0	0.11
DSTYK	4.61	4.62	5.19	5.41
LGR6	0	0	0	0
EPHB2	11.02	13.64	13.39	16.51
SRRM1	93.32	83.44	70.35	84.83
REG4	0	0.04	0	0
GSTM3	28.85	40.33	89.79	92.01
VAV3	0.1	0.2	0.41	0.9
PSRC1	28.34	16.72	5.08	4.72
PTPN22	0.58	0.29	0.16	0.06
SORT1	19.79	16.27	29.62	28.83
WNT2B	0.08	0.32	0.06	0.14
PTGFRN	57.06	53.82	44.7	45.82
LAMTOR5	127.56	125.44	162.87	158.59
NOTCH2	39.98	28.78	33.66	34.08
CD101	0.82	1.44	0.78	0.12
NGF	20.7	37.8	29	30.51
NAV1	33.95	46.18	39.63	36.74
CDC73	22.8	26.34	28.89	28.77
PUM1	43.12	48.12	50.17	46.95
SPOCD1	13.88	13.11	0.66	0.54
PHC2	81.11	56.27	75.94	71.58
GNL2	94.38	73.91	77.52	81.58
TUT4	20.23	18.12	24.1	25.71
PCNX2	2.07	4.49	6.57	6.26
URB2	9.38	7.38	4.92	6.04
EGLN1	22.17	27.44	57.2	60.84
ABCB10	12.24	10.14	13.55	13.17
NTPCR	40.19	33.23	31.52	32.3
GLUL	114.83	100.9	154.15	150.43
KIAA1614	0.55	0.4	0.15	0.13
CEP350	7.93	6.27	8.72	8.78
NPL	2.99	1.64	2.95	1.36
NIBAN1	21.89	21.49	14.32	15.25
PIGC	18.21	15.31	11.85	10.56
LAMC1	98.05	117.85	143.66	167.33
RC3H1	2.52	3.22	5.1	4.53
IL10	0	0	0	0
RPS6KC1	10.18	13.27	16.92	16.36
BCAR3	36.74	49.97	51.27	54.8
FNBP1L	14.08	16.21	22.76	21.19
KYAT3	11.28	7.83	13.43	12.07
GTF2B	21.63	17.53	29.4	26.56
BRDT	0	0	0	0
IFI44L	0.36	0.69	0	0.25
ARHGAP29	2.37	1.98	6.7	5.32
IFI44	10.53	8.75	4.91	7.09
SLC44A5	0.06	0.05	0.15	0.22
DNASE2B	0	0	0	0
DBT	8.06	8.55	14.32	12.15
IL19	0	0	0	0
SLC2A5	0.87	0.14	0.13	0.13
RERE	45.5	39.76	33.67	30.64
FHAD1	1.63	2.07	2.84	1.22
PADI1	0.28	0.39	0.1	0.11
EPHA2	13.08	22.88	24.87	23.79
ARHGEF19	7.97	8.69	4.9	3.77
PEX14	22.04	18.78	14.79	13.93
PGD	160.72	157.06	209.1	200.63
SH3BGRL3	397.65	394.1	520.64	556.55
C1orf216	14.39	16.83	16.07	16.75
KIAA0319L	15.77	24.8	44.47	43.62
EVA1B	19.07	15.47	20.09	21.38
DMRTA2	0.65	0.55	0.22	0.13
MAP3K6	11.35	12.65	9.53	11.23
GPN2	30.68	25.3	29.95	25.77
SYTL1	0.19	0.35	0.22	0.03
WDTC1	11.2	14.1	17.45	18.55
NBPF3	3.15	4.31	5.83	4.27
HSPG2	42.69	59.15	39.72	38.31
PRKACB	5.53	7.05	11.98	10.85
AZIN2	3.06	3.36	6.93	4.6
DMRTB1	0.03	0	0	0
LMO4	38.52	55.68	57.38	47.93
IGSF3	18.8	18.69	21.51	22.02
ZNF697	7.84	6.99	6.74	6.08
CTTNBP2NL	9.85	9.11	13.33	14.52
CD53	0.13	0.1	0.09	0.08
GPR161	12.82	11.1	6.39	7.16
POGK	132.51	147.48	122.82	125.37
GPA33	0.21	0.38	0	0
UCK2	64.46	48.85	33.85	38.37
POU2F1	3.72	3.58	2.67	2.48
ILDR2	48.05	87.53	46.46	47.6
DPT	0	0.04	0	0
ADCY10	0	0	0	0.16
NECTIN4	0.69	2.21	0.38	0.22
UFC1	459.62	452.91	225.29	228.64
NUF2	503.93	307.69	99.82	103.88
USP21	51.79	54.91	39.05	36.59
PRCC	46.16	44.25	45.57	36.59
FCRL5	0	0	0	0
ABL2	20.22	26.65	28.71	29.02
RGS16	1.29	0.28	0.12	0.08
HMCN1	0.85	2.1	1.76	0.68
RGL1	3.94	4.27	8.08	7.72
TUFT1	11.19	20.41	46.63	45.44
ECM1	12.19	10.72	8.41	8.89
SNX27	8.23	8.25	8.6	7.82
MCL1	619.16	718.09	880.41	856.14
RFX5	23.33	32.81	24.66	32.02
PI4KB	34.03	38.48	41.92	36.21
ANP32E	116.11	79.12	36.66	33.52
MINDY1	4.81	5.17	7.26	5.17
ENSA	947.16	796.1	1024.8	957.68
SEMA6C	2.03	2.12	6.02	6.3
ARNT	16.05	15.73	14.01	13.31
GOLPH3L	11.32	12.58	15.99	11.94
KCNH1	0.37	1.01	0.35	0.11
DTL	35.29	24.29	20.34	24.24
VASH2	4.28	4.31	3.9	3.95
SMYD2	34.8	35.77	30.29	35.3
SUSD4	2.08	1.7	0.42	0.62
DUSP10	75.07	99.31	23.45	19.65
HHIPL2	12.57	42.29	16.32	15.31
TP53BP2	30.25	28.77	39.75	32.22
S100A8	0	0	0	0
TPM3	372.22	289.46	277.45	272.38
SLC27A3	2.81	3.04	5.13	3.44
HAX1	74.2	79.85	51.18	55.85
ILF2	295.37	216.18	184.97	179.35
RIT1	12.25	14.2	12.24	14.76
INTS3	13.99	21.12	13.09	13.56
ACTA1	0.04	0.05	0	0
GALNT2	103.52	126.09	171.66	179.69
LYST	6.96	9.98	6.43	7.41
CEP170	35.94	28.91	30.56	27.19
SRP9	263.32	217.89	220.33	201.52
NVL	15.33	16.23	16.38	14.15
DEGS1	93.41	107.12	115.25	116.17
FBXO28	21.43	15.44	15.54	13.47
ARF1	372.31	383.84	353.63	311.19
ITPKB	4.58	6.23	2.53	2.23
CDC42BPA	10.49	10.8	12.68	13.61
CNIH3	10.85	14.65	20.54	21.55
PARP1	107.47	85.3	82.42	81.27
EPHX1	25.86	42.72	89.59	84.03
ETNK2	1.87	3.97	1.65	1.22
ZMYM4	19.02	20.39	18.92	18.19
NEK7	29.48	35.38	40.42	37.55
RABGAP1L	10.29	8.84	16.6	13.48
PTPN14	21.25	17.1	20.42	20.91
UHMK1	19.36	20.79	22.63	22.51
TADA1	79.29	63.06	51.41	52.29
DYNLT5	0	0	0	0
MR1	4.25	7.43	4.3	3.87
HNRNPU	361.72	281.13	276.87	280.3
LINC00467	4.68	3.69	14.18	8.03
DDAH1	15.22	23.89	36.31	38.17
AK5	0.08	1.82	2.45	0.78
MIA3	42.43	51.39	35.17	38.39
DISP1	9.18	11.6	9.26	7.04
ENAH	97.65	116.95	253.5	231.12
CCSAP	5.59	3.92	6.08	6.39
DIPK1A	2.94	2.47	5.62	5.11
MOV10	33.18	41.95	43.55	41.44
PPM1J	0.86	0.36	1.04	0.88
SPAG17	0.01	0	0	0
GPR61	0.12	0	0	0.14
MFSD14A	26.91	23.29	23.81	22.76
SHCBP1L	0	0	0	0
NMNAT2	0.94	3.91	1.91	1.45
ZFYVE9	8.69	9.17	10.54	9.57
LRP8	26.99	23.84	21.05	17.53
CDCP2	0.03	0	0	0
SSBP3	38.25	28.61	36.65	37.35
PANK4	21.11	23.42	18.75	17.41
PEX10	14.23	11.56	9.78	9.41
SKI	19.61	16.53	25.32	23.76
LDLRAP1	17.34	20.65	21.57	21.67
EXTL1	0	0	0	0
GRHL3	0	0.23	0	0
UBXN11	6.91	8.3	3.56	3.29
EYA3	8.48	9.68	9.8	10.71
CD1D	0.01	0	0.06	0
CD1C	0	0	0	0
PPP1R15B	19.85	21.74	24.82	25.54
TAGLN2	813.12	681.6	614.11	647.61
ELK4	9.18	8.5	9.36	8.82
SLAMF8	0.47	0.4	0.07	0
SLC45A3	7.08	8.96	7.12	6.36
NBL1	108.93	92.45	81.07	84.78
DEDD	111.97	100.19	60.68	60.48
CDA	71.08	82.96	60.01	72.32
PINK1	51.29	62.57	83.87	85.03
B4GALT3	126.06	172.78	175.54	191.36
FCER1G	0.42	0.28	0.32	0.31
CACHD1	10.62	7.36	13.39	14.38
EPB41	15.03	15.45	13.7	13.34
CSRP1	119.35	159.76	199.5	200.21
CCDC24	0.43	1.43	1.14	1.24
CYB5R1	31.28	42.11	48.97	48.84
PSMD4	201.93	172.95	210.08	188.53
ATP13A2	13.71	9.17	11.71	12.48
PSMB4	416.3	471.19	480.37	456.61
BTG2	3.72	5.47	3.47	2.41
THEM4	8.98	6.71	8.53	8.44
BSDC1	27.93	36.3	43.51	43.37
ZBTB8A	6.2	6.74	5.82	5.76
SSU72	105.55	106.38	92.19	96.54
UBE2J2	75.4	75.74	55.49	55.17
ZNF362	20.56	15.26	14	11.26
S100A1	0.15	0.4	0.14	0.44
ZBTB7B	7.31	10.52	8.03	5.91
SHC1	65.49	74.45	49.19	54.93
ADAR	57.3	50.94	46.42	43.7
FDPS	145.69	163.01	85.25	79.58
SLC25A44	13.03	12.39	16.19	15.4
LMNA	455.7	346.33	425.7	386.64
BEND5	0.07	0.09	0.05	0.32
CZIB	35.57	46.56	60.3	60.26
ACOT11	2.07	2.81	1.27	0.62
PARS2	3.13	4.59	5.23	5.16
USP24	14.17	16.65	9.82	11.36
PRKAA2	1.14	1.44	1.89	1.79
KLHL21	41.96	47.49	43.67	38.4
ZSWIM5	0.04	0.05	0.21	0.17
SLC45A1	0.21	0.18	0.34	0.19
SELENON	28.74	25.56	18.88	19.74
JAK1	44.77	48.86	68.15	71.95
RAVER2	8.47	7.89	7.71	7.99
FBLIM1	29.4	33.4	15.9	12.2
PDPN	53.98	37.68	24.79	25.09
DHRS3	9.58	5.52	2.78	2.78
PEF1	62.08	62.93	38.01	36.09
RBBP4	149.83	127.32	124.28	111.96
TMCO4	8.41	7.58	1.94	1.97
ALPL	12.64	30.41	7.84	8.49
FAAP20	53.72	63.21	31.93	30.44
IL23R	0	0	0	0
NFIA	4.66	3.34	3.28	2.75
OMA1	3.58	3.16	4.19	4.31
MYSM1	250.93	262.59	244.9	280.21
TM2D1	21.52	31.25	25.33	30.91
USP1	66.69	41.41	32.81	31.75
NEXN	18.05	25.46	16.57	13.96
ADGRL4	6.52	6.57	3.42	2.65
TYW3	21.13	19.66	13.06	12.28
LHX8	0	0.03	0.07	0
SNX7	31.55	31.22	39.76	39.28
NTNG1	2.52	2.98	3.51	1.96
HENMT1	8.15	9.43	11.15	12.15
AKNAD1	0.24	0.37	0.47	0.19
C1orf52	23.76	23.21	20.07	27.39
ZNF326	18.95	16.65	15.76	18.18
BRINP3	0.02	0	0	0
KCNT2	0.01	0.11	0	0
AGL	6.52	6.08	7.98	8.61
VCAM1	0	0	0	0
EXTL2	20.22	21.72	23.49	24.69
SLC30A7	5.19	6.81	6.74	7.3
ZNF281	19.33	23.53	19.09	17
IGSF8	4.25	5.79	3.99	4.67
DDR2	17.95	26.13	6.37	8.19
OLFML2B	10.19	21.11	9.34	7.53
C1orf74	2.45	2.03	2.6	3.24
FLVCR1	4.79	4.44	3.38	3.95
ATF3	6.56	11.76	13.46	12.91
RBM15	9.61	7.99	5.75	5.73
IER5	14.66	14.96	23.79	22.25
BPNT1	23.09	20.49	27.03	19.2
C1orf115	2.01	2.62	1.71	1.85
NBPF20	0.27	0.19	0.48	0.33
ACP6	13.18	11.45	7.27	9.28
KIF26B	2.3	2.53	3.08	2.38
MAPKAPK2	67.63	73.35	93.44	87.73
IL24	1.26	0.75	0	0.04
FCAMR	0	0	0	0
CAPN2	174.54	174.54	128.11	120.63
DISC1	1.03	1.68	1.43	1.49
COQ8A	20.04	12.71	16.55	15.85
PYGO2	13.6	16.09	23.92	21.75
INAVA	0.02	0.03	0.16	0
YY1AP1	37.05	33.18	36.89	38.48
ELF3	0.04	0	0.11	0.02
TMEM183A	54.4	44.76	39.95	43.22
TMEM79	1.79	3.07	2.5	2.58
SSR2	427.97	437.1	359.6	370.99
NUAK2	0.58	0.86	0.95	1.2
SMIM12	39.95	36.36	29.96	30.32
MEAF6	45.45	44.19	44.38	37.72
SNIP1	12.01	7.7	8.51	7.93
GNG4	29.25	24.38	8.74	9.09
COA6	53.8	48.09	25.29	23.33
MFSD2A	14.15	9.6	7.49	5.78
SERINC2	6.89	14.99	9.67	10.07
NDUFS5	404.89	406.2	393.17	405.64
AHCYL1	58.04	55.34	65.18	66.58
GSTM4	6.38	7.52	6.44	5.13
RAB3B	7.8	8.77	11.35	12.29
THBS3	1.42	4.53	5.74	5.17
SLC50A1	18.27	21.94	16.62	15.08
PTAFR	0.16	0.19	0.05	0.17
CLIC4	256.4	305.04	345.53	351.36
CRCT1	0	0	0	0
LUZP1	18.88	17.71	25.05	23.55
OTUD3	7.79	7.55	8.58	9.38
TAS1R3	0.07	0.05	0.1	0.07
IFFO2	14.72	14.46	14.47	14.21
SLC30A1	7.12	6.2	6.42	6.64
S1PR1	5.16	7.67	24.44	23.76
ZNF672	9.77	9.96	8.52	7.94
ZNF692	25.93	37.76	19.46	19.61
KCND3	0.01	0.09	0.02	0.05
LRRC8C	3.79	4.02	4.59	4.65
LRRC8D	13.78	15.74	12.93	11.96
COL24A1	0.41	0.37	0.73	0.32
LPAR3	5.16	5.33	5.35	4.48
CLSTN1	95.64	105.32	134.17	133.84
PIK3CD	16.79	27.88	23.04	24.97
SLC25A33	9.86	8.04	7.67	8.16
SPSB1	9.64	7.08	9.48	9.74
CAMTA1	54.02	60.13	48.28	47.06
CTPS1	70.75	67.26	59.96	56.01
METTL18	5.19	5.75	2.99	3.05
COL8A2	0.15	0.3	0.11	0.08
ANGPTL7	0	0.06	0	0
KLF17	0	0	0	0
SRGAP2C	6.64	5.66	8.45	7.65
PPIH	76.15	52.62	29.91	31.2
NEGR1	0.75	0.52	0.59	1.06
ALG14	8.59	8.43	2.01	1.95
GNG12	82.41	71.57	81.1	81.39
FGGY	31.34	54.25	26.01	24.34
HSPA6	0.48	0.98	0.46	0.3
VANGL1	19.45	20.04	16.39	16.2
DAB1	0.05	0.34	0.04	0.13
MICOS10	147.26	118.59	113.9	114.41
CD34	0.01	0.08	0	0
CYB561D1	3.92	3.75	6.28	5.28
PHLDA3	62.58	74.88	54.45	47.56
GLIS1	1.74	2.08	0.76	0.86
GOLT1A	0	0	0	0
PDZK1	0.36	1.17	0.71	0.32
GLMN	11.35	10.4	18.27	14.71
SH3BP5L	20.47	33.28	33.59	33.76
TMEM51-AS1	0.03	0.05	0	0.02
ZNF683	0	0	0	0
CLK2	31.16	40.34	36.43	30.91
LINC00303	0	0	0	0
NUDT4B	5.15	2.67	3.4	2.48
UBE2U	0.09	0	0	0
NHLH2	0.75	0.86	0.78	0.56
JUN	417.96	846.55	1329.02	1247.34
AGTRAP	32.38	35.62	22.31	16.86
FAM87B	0.52	0.61	0.26	0.5
RPS27	2744.46	2290	2590.5	2566.76
PDE4DIP	30.14	58.94	65.81	67.18
CCDC185	0.03	0.06	0.07	0.03
CTNNBIP1	19.4	10.7	16.81	24.84
DPM3	20.95	30.17	14.38	18.57
FUCA1	5.36	7.89	14.92	13.13
VWA1	1.61	1.52	2.51	0.91
HTR1D	0.01	0.05	0	0
SPEN-AS1	0.65	0.71	0.98	0.75
CITED4	2.75	0.55	0.64	1.1
TRNAU1AP	25.42	29.36	29.33	23.73
MIGA1	5.73	5.13	8	8.2
FCRL6	0.04	0.14	0.17	0
ZNF678	3.95	3.17	3.18	2.5
GPR88	0	0	0	0
GPR3	1.44	0.43	0.1	0.03
IBA57	5.93	5.03	5.36	3.78
SNRPE	279.52	145.75	101.67	112.4
TDRKH	4.58	4.41	6.55	7.89
PAQR7	11.27	13.62	16.93	17.52
FHL3	8.31	10.42	7.67	6.17
SF3A3	127.87	110.53	95.12	82.25
UTP11	62.57	59.77	56.53	47.41
TMEM50A	89.94	97.69	135.74	134.32
SLC35F3	5.17	4.95	5.11	5.46
LIN9	10.02	6.93	3.59	4.28
KIRREL1	37.38	44.1	31.58	30.37
ST6GALNAC3	0.11	0	0.02	0.02
PTP4A2	177.37	289.08	280.99	281.81
TACSTD2	6.04	4.86	4	5.08
CSF1	34.88	45.12	52.11	46.5
PDE4B	4.61	5.97	4.4	6.37
FAF1	80.12	67.47	61.38	67.93
PGBD2	2.48	3.21	3.95	4.04
ZBTB37	1.3	1.34	2.47	1.19
SMYD3	89.99	131.08	56.77	62.56
IFNLR1	0.93	2.35	1.6	1.27
ROR1	16.08	18.3	11.54	12.05
MUC1	0.79	1.06	0.82	0.96
FAM131C	0.29	0.4	0.07	0.04
PBX1	1.94	2.09	1.81	2.18
DNAH14	8.38	9.06	9.82	9.39
NBPF6	1.26	1.95	0.74	0.7
AGBL4	0	0	0.02	0
POLR3C	41.07	33.92	28.73	26.95
EDARADD	0.64	0.88	0.41	0.45
LCE5A	0	0	0	0
MST1P2	0.04	0.19	0.07	0.03
FOXD2	0.37	0.32	0.16	0.12
HPDL	8.54	2.7	0.73	0.76
TNFRSF18	0	0	0	0
SPATA21	0.09	0.06	0.02	0.06
ISG15	22.56	37.01	18.38	14.56
SAMD11	2.2	24.53	29.48	18.56
ZFP69B	1.9	2.15	1.86	1.66
GPR89B	9.49	7.91	11.33	10.46
SRSF10	104.34	107.01	108.74	113.51
FAM72B	6.49	5.89	2.29	2.63
DPYD	4.15	4.19	7.21	7.26
S100A16	222.05	167.98	123.73	118.51
RBM34	71.55	56.98	76.06	60.28
MTF1	7.22	8.48	6.66	10.25
TMCO2	0	0	0.53	0
CNR2	0	0	0	0
FAM78B	0.61	0.69	0.62	0.89
CFAP126	9.35	14.64	14.26	14.08
BTBD8	0.45	0.79	1.3	1.12
PNRC2	85.68	82.34	151.94	132.92
KAZN	0.92	1.29	0.8	0.86
SH2D5	4.98	5.44	0.49	0.66
STK40	16.99	28.62	29.62	30.32
CD55	48.37	69.68	89.91	94.2
SRGAP2B	17.39	18.64	16.04	21.73
ZNF124	8.04	7.75	10.02	9.11
S100A5	0.52	0.41	0	0.31
NBPF4	0.87	1.35	0.91	0.99
GDAP2	6.04	4.99	8.32	4.56
FAM72A	6.09	5.37	2.77	2.37
SLC30A10	0.04	0	0	0
S100A2	185.18	162.4	69.58	83.81
ZMYM1	8.81	11.51	14.15	16.1
TRIM33	13.49	11.49	16.02	17.12
ZNF695	2.96	2.36	4.29	1.76
MIB2	17.21	29.32	41.25	38.53
S100A10	335.78	504.16	1342.27	1363.84
TAF13	17.79	26.09	34.95	32.87
MDS2	0.02	0	0	0
DNM3	2.42	1.9	6.03	5.82
MPZL1	102.84	107.13	121.07	113.69
SNHG12	38.68	42.45	53.78	50.52
MAN1A2	12.62	15.2	26.71	26.89
CACNA1E	0.33	1.05	0.21	0.14
NTRK1	0	0	0	0
RD3	0	0	0	0
SH2D1B	0.03	0	0.03	0.15
MDM4	2.94	5.26	3.15	4.09
ABCA4	0.04	0.06	0.01	0
GLMP	46.86	58.31	61.65	59.07
OXCT2	0.12	0.19	0.3	0
COLGALT2	7.2	12.94	9.17	8.93
EPS8L3	0	0	0	0
RCSD1	0	0	0	0
MTOR	21.66	19.93	20.82	20.53
BRINP2	0.02	0	0	0
LRIG2	4.04	4.05	4.03	4.92
FOXJ3	24.2	22.07	19.65	19.83
PRMT6	17.81	16.89	14.91	14.45
SHISA4	6.27	8.87	8.75	8.83
C1orf174	26.53	25.4	17.02	18.08
NOS1AP	0.1	0.25	0.78	0.85
MIR135B	0	0	0	0
RNA5S1	0	0	0	0
SNORD45B	0	0	0	0
FAM78B-AS1	0	0.14	0	0.29
EFCAB2	5.09	3.58	5.03	5.59
CHML	10.38	9.8	7.74	8.41
CAPN8	0	0	0	0
LINC00862	0.04	1.7	0.22	0.05
C1orf53	3.75	5.16	8.82	11
PRDX6-AS1	1.26	1.85	1.87	1.49
NTMT2	0	0	0	0
CHIAP2	0	0	0	0
SAMD13	0.19	0.09	0	0.05
ZYG11A	5.21	5.08	3.09	4.04
FOXO6	0.08	0.13	0.24	0.37
INPP5B	5.09	4.3	4.75	4.24
ZDHHC18	14.81	18.2	20.01	17.71
TMEM51-AS2	0	0	0	0
DISP3	0.18	0.01	0.92	1.01
ZBTB48	10.52	17.47	15.83	15.35
RNU1-1	0.33	0	0	0
SNORD21	0	0	0	0
RNVU1-30	1.65	0	0	0
RNVU1-15	0	0	0	0
RNVU1-14	0	0	0	0
MIR181A1	0	0	0	0
MIR557	0	0	0	0
MAP10	0.37	0.22	0.24	0.38
DENND1B	3.46	2.74	1.72	1.44
C1orf220	0.14	0.55	0.11	0.32
SFT2D2	7.37	6.52	7.62	7.64
CFAP45	0.91	1.03	0.28	1.33
MLLT11	26.74	45.47	64.83	63.88
LEPROT	24.42	44.44	39	37.82
SH3D21	2.73	5.45	6.78	9.67
SLC35E2A	7.04	8.84	8.66	10.53
LINC01139	0.77	0.32	0.74	0.35
ZC3H11B	0.23	0.21	0.26	0.28
LINC01356	0	0	0	0.11
MIR942	0	0	0	0
NBPF1	10.03	9.27	20.48	22.12
MTMR9LP	0.74	3.08	0.97	2.03
RNU6ATAC35P	0	0	0	0
MIR1256	0	0	0	0
LINC02897	0.02	0.03	0	0.03
BCL10-AS1	0.2	0.11	0.22	0
LGALS8-AS1	0.08	0.09	0	0.05
ROR1-AS1	5.24	15.43	0.22	0.56
LINC01767	0	0	0	0
SLC44A3-AS1	0.52	0.51	0.69	0.8
LINC00466	0	0	0	0
TMCO1-AS1	0.01	0.03	0.2	0.06
LINC01708	0	0	0	0
SLC25A34-AS1	0	0	0	0
LAMC1-AS1	0.16	0	0	0
LAMTOR5-AS1	0.92	1.14	0.59	0.52
LMX1A-AS2	0	0	0	0
LINC00184	0.01	0.08	0	0.03
LINC01645	0	0	0	0
CAMTA1-AS1	0	0	0	0
MIR137HG	1.3	2.28	2.04	2.34
HSPA7	0	0.04	0	0
LINC01770	0	0	0	0
LINC02813	0.15	0.07	0.11	0
GBP1P1	0	0	0	0
LINC01710	0	0	0	0
LINC01745	0	0	0	0
RWDD3-DT	0.09	0.26	0.71	0.17
LINC01776	0.28	0.39	0.13	0.14
AP4B1-AS1	0.45	1.28	0.27	0.88
LEMD1-AS1	0	0	0	0.02
LINC02608	0.15	0	0	0
LINC01748	0	0	0	0
LINC01035	0	0	0	0
KIRREL1-IT1	0.12	0	0	0
DAB1-AS1	0	0	0	0
LINC02785	0	0	0	0
ARHGAP29-AS1	0	0	0	0.15
SMYD3-AS1	0	0	0	0.09
LINC01359	0.15	0.12	0.07	0.02
LINC02798	0.01	0.06	0	0.02
LINC01364	0.03	0	0	0
HSD11B1-AS1	0.9	0	0	0
LINC01132	0.02	0.02	0	0
LINC01714	0	0	0	0
CALR4P	0	0.03	0	0
TEX46	0.08	0	0	0
EPHA2-AS1	0.08	0.5	0.8	0.34
NGF-AS1	0	0.09	0.03	0
LINC02869	0	0	0.23	0
ITPKB-IT1	0	0	0	0
LINC01768	0	0	0	0
MIR34AHG	5.74	5.63	3.24	3.78
LYPLAL1-AS1	12.31	6.94	1.22	1.66
LINC01344	0	0	0	0
LINC02607	0	0	0	0
LINC02787	0	0	0	0
LINC02768	0	0	0	0
PIN1P1	0	0	0	0
PDC-AS1	0.06	0.05	0.21	0
FOXO6-AS1	0	0	0	0
MIR181A1HG	0.51	0.23	0.11	0.32
AGBL4-AS1	0	0	0	0
ACBD6	38.21	30.51	30.25	28.33
LINC02812	0	0	0	0
LINC01349	0	0	0	0
DNM3OS	22.94	36.78	12.15	15.3
LINC02884	0	0	0	0
GORAB-AS1	0.02	0.08	0.11	0.02
PDE4DIPP6	0.19	0.36	0.23	0.58
LINC02789	0	0	0	0
EMBP1	0.52	0.52	0.46	0.14
LINC01354	0	0	0	0
LINC01787	0	0	0	0
GNG12-AS1	1.09	1.8	0.95	0.25
LINC02777	6.14	7.78	8.55	8
TGFB2-AS1	0.28	0.32	0.06	0.22
LINC01705	2.64	10.26	2.42	2.82
PLPPR5-AS1	0	0	0	0
DPYD-AS1	0	0	0	0
RERE-AS1	0	0	0	0.23
LINC01725	0	0	0	0
LINC01677	0	0	0	0
PHC2-AS1	0.08	0	0	0
CNIH3-AS2	1.16	0.53	0.37	0.45
LINC01765	0	0	0	0
BTG2-DT	0	0	0	0
UQCRHL	59.52	33.04	43.19	47.34
LINC02574	0	0	0	0
LINC01681	0	0	0	0
LINC01675	0	0	0	0
LINC01781	0	0	0	0
LINC01641	0	0	0	0
LINC02765	0	0	0.17	0.12
ACBD3-AS1	0.17	0.19	0.87	0.18
LNCTAM34A	1.02	0.18	0.42	0.2
KAZN-AS1	0	0	0	0
LINC02817	0.03	0.03	0	0
NUTF2P4	0	0	0	0
SMIM1	0	0	0	0
LINC01702	0	0	0	0
LINC01221	0	0	0	0
CNN3-DT	4.56	4.63	7.91	8.01
DPYD-AS2	0	0	0.22	0
LINC01361	0	0	0	0
LINC01744	0	0	0	0
LINC02810	0	0	0	0
OVAAL	0	0	0	0
LINC01741	0	0	0	0
LINC01774	0	0	0	0
LINC01141	0	0.06	0	0
MMEL1-AS1	0	0	0	0
LINC01732	0	0	0	0
LINC01358	13.35	18.4	7.04	7.49
MGC27382	0	0	0.13	0
LINC02971	0.12	0	0	0
CAMTA1-AS2	0	0	0	0
NFIA-AS2	0.36	0.04	0	0.11
LINC02773	0	0	0	0
LINC02257	0.38	1.19	0.47	0.28
LINC02806	0.05	0.26	0.05	0
OR2W3	2.25	2.22	1.47	2.48
ERRFI1-DT	0	0	0.04	0
C1orf226	0.13	0.31	1.02	1.18
UOX	0	0	0	0
BGLAP	0.11	0.24	0	0.09
MRPL20	174.63	155.26	141.34	139.08
CFAP57	0	0.06	0.02	0.09
TMEM35B	6.84	9.28	8.58	9.76
DDOST	318.96	376.25	329.95	336.43
CDK11B	32.01	28.25	26.29	26.18
ZNF436-AS1	0.77	0.89	0.96	1.85
TMEM200B	2.64	1.74	1.01	0.54
TRNP1	1.75	4.34	10.02	7.94
UAP1-DT	0	0	0	0
DDX59-AS1	0.18	0.1	0	0
GS1-279B7.1	0	0	0	0
LINC01735	0	0	0	0
LINC01686	0.08	0	0	0
MIR378G	0	0	0	0
IKBKE	10.62	9.84	4.26	4.49
MIR4253	0	0	0	0
NOTCH2NLA	20.67	15.19	16.38	15.09
MIR548AC	0	0	0	0
OTUD7B	12.04	14.89	15.58	14.17
MIR3117	0	0	0	0
MIR4420	0	0	0	0
SEC22B	19.18	27.46	36.85	37.78
MIR4422	0	0	0	0
SRGAP2	24.57	23.11	28.3	26.68
RASSF5	5.64	5.71	4.42	3.96
MIR4711	0	0	0	0
MRPS21	52.92	36.75	37.73	36.62
MIR3972	0	0	0	0
LINC01140	0.31	0.21	0	0.09
NBPF9	12.19	11.61	14.94	16.06
NBPF14	7.23	5.02	6.76	6.57
NUDT4P2	0	0	0	0
NBPF19	4.18	3.65	3.58	3.67
LINC01145	7.74	9.19	6.07	7.94
LRRC8D-DT	0.1	0.11	0	0
NBPF26	10.95	11.52	13.63	12.86
LINC01138	4.13	5.28	3.13	2.64
MIR6728	0	0	0	0
SEC22B2P	0.13	0.15	0.2	0.16
PDE4DIPP5	0	0	0	0
PDE4DIPP2	1.04	2.87	2.5	2.85
RNVU1-26	0	0	0	0
RNVU1-19	0	0	0	0
PDE4DIPP4	0	0	0	0
MIR6500	0	0	0	0
MIR7156	0	0	0	0
MIR6737	0	0	0	0
RAB7B	0.35	0.86	0.78	0.36
MIR6730	0	0	0	0
HYDIN2	1.75	2.31	3.55	1.88
SCARNA2	0	0.48	0	0.25
WASH9P	11.99	12.32	8.93	10.27
LINC01348	0.86	0.22	0.18	0
LINC01144	0.06	0	0.04	0.08
LINC02815	0	0	0	0
MIR7846	0	0	0	0
MIR3916	0	0	0	0
MIR3658	0	0	0	0
LINC02801	0	0	0	0
MIR34A	0	0	0	0
LINC02606	0.26	0.08	0.26	0.38
TBCE	23.87	27.28	25.18	28.94
LINC02988	0.05	0	0	0
TOP1P1	1.08	0.25	1.11	0.38
LINC02793	0	0	0	0
BMP8B-AS1	0	0	0	0
NOTCH2NLB	5.45	4.93	4.24	4.83
NOTCH2NLC	3.42	3.3	3.54	2.73
LSP1P5	31.59	39.61	55.69	59.91
