	log2FoldChange	pvalue	padj
STPG1	0.450192643518445	0.243843907752161	0.401657630397178
NIPAL3	-0.00150400039056889	0.996165063703852	0.997837060512241
AK2	-0.439022270983233	0.0650004973272445	0.149645420657477
ST7L	-0.426091867350777	0.240981669106135	0.398074245857049
DNAJC11	-0.389206768102126	0.0205093168861338	0.060608265088773
E2F2	-3.8703366918284	1.89312659153766e-10	4.87684258031799e-09
CSDE1	-0.13818062740291	0.503306417871423	0.659441498370595
METTL13	-0.394578391238846	0.0423987445041451	0.107798519885726
SCMH1	-0.827518682250888	2.72886858162614e-05	0.000212812873518427
FMO1	0	0	0
ATP1A2	-2.05672258103048	0.144982365176142	0.274930683361189
RUNX3	-2.44553134216835	0.02075674014052	0.061162242516332
DEPDC1	-3.19125489997831	1.93135104696121e-15	1.16394908509066e-13
KPNA6	0.317336167005969	0.0692937606143835	0.157325236103136
SARS1	-0.223442985227352	0.253544511876082	0.413318032553722
LRRC7	-0.795962833527068	0.543652944613226	0.69308892350193
ZZZ3	0.0283369774578865	0.872307288402669	0.926320342522257
SLC66A1	0.553608954853054	0.0323474175837408	0.0874085504350445
USH2A	-1.23906013311817	0.767825206218439	0
VPS13D	0.060537328018151	0.773149901851549	0.862962455583851
COL9A2	-1.15490479244464	0.121920750165912	0.241555188443716
H6PD	0.310602959516246	0.299015537978313	0.462401230211912
UTS2	2.21507894240862	0.542889298831311	0
SIKE1	1.09375826801991	2.28191497069162e-05	0.000183026855219454
OPN3	1.75414886186083	1.6606355495819e-05	0.000138201624897004
SDCCAG8	1.00781637333294	0.000267778524091524	0.00155989103584737
HHAT	-1.06275660795305	0.00488637588245091	0.0184981924267297
KIF1B	0.496412985641434	0.00369349732791848	0.0147283998060076
SZRD1	0.591148961579049	0.000556126598708775	0.00291204523702339
PITHD1	1.05713517148195	8.43963019986319e-08	1.24864708970498e-06
LAMC2	0.465982968480414	0.0393493923970404	0.101722687368813
ATP2B4	-0.297773144475807	0.156595986453018	0.291410491504214
NDC1	-1.71443085280485	6.48165271522626e-12	2.12535657336046e-10
TARBP1	-0.600803497790704	0.00220611163475634	0.00951539548832199
PTPRU	-0.683752524079879	0.103742064908643	0.213452168840533
COL11A1	-1.70149395065508	0.580395107909387	0
CHI3L2	-2.96965615110323	0.130184252825378	0.253662356182491
PKN2	-0.0242889615804083	0.891860890286706	0.938412487724586
SPEN	-0.164617043092389	0.440638019720058	0.604669135479645
KDM4A	0.452744309044276	0.0334339564697047	0.0898395118828021
NFYC	-0.305876485738735	0.180852574466432	0.323839986758884
ASPM	-2.66236911392638	0.000316612234459637	0.0018038384806291
EVI5	1.10065354273071	2.82329507910152e-05	0.000219136180086072
RRP15	-0.312132239795864	0.240909880065607	0.397989018899565
IARS2	0.278820433169625	0.228462690588908	0.383469401536122
NUCKS1	-1.16092670830939	0.000133545543022	0.00085392018700018
TGFBR3	0.64159521787079	0.225765222795533	0.380920825824621
EIF2B3	0.0627516682221732	0.765880710464331	0.858508243485224
CDC42	0.33172993844534	0.308661498259928	0.472761403958594
PTGS2	-0.432976821552069	0.400721766274662	0.567233432550982
ENO1	-0.202552210198599	0.446662728707278	0.610725206038599
EIF4G3	0.166331118958449	0.454419005861144	0.617858103250004
RASAL2	0.732494984518474	0.0020004303575472	0.00877420010153185
PLXNA2	0.152149592983121	0.704388829679475	0.815544954261995
RAP1GAP	-0.558543854161449	0.670340185394922	0.79037325481139
UBE2T	-1.63220197744214	3.52800200166174e-09	7.02286216633818e-08
USP33	0.327248721902832	0.0645485039073981	0.148830860711723
CAPZB	-0.4933946520248	0.0183532597817872	0.0553801394150484
GNB1	-0.201459166456554	0.367576882981096	0.534442794223732
NRDC	0.109573912752702	0.512440609320506	0.667503938652866
SDF4	0.251535080251546	0.198286019057329	0.346604805531558
CDC14A	0.107195279766725	0.787270219444563	0.872741982032626
MAGI3	0.405375156761995	0.111437782991244	0.225634890517666
PTPRC	0	1	0
CACNA1S	0	0	0
JMJD4	-0.0517087527210774	0.833268633738628	0.90162109290546
DUSP12	-0.624965119564064	0.07269462556773	0.163035505412912
TRAF5	-2.2017521414417	4.61362068164179e-10	1.09542919003753e-08
PLOD1	0.048059626076319	0.804972886363518	0.884455880439666
SMAP2	-0.418045839643135	0.0453687231972792	0.11334703702444
PPIE	0.0962286199688258	0.632851962351631	0.763396806149451
COL16A1	-1.52338610136989	2.90383669951462e-05	0.000224239458610245
TTC39A	0.99637692962485	0.516007568458292	0.670775801557227
RAD54L	-3.19478251020297	1.63621581240157e-16	1.18984889354235e-14
MAST2	0.274727898410822	0.173526259644717	0.314164630116531
ALG6	-0.0407106216079725	0.864165098669381	0.921741805557344
ASAP3	-0.692265472751589	0.0209304740289787	0.0615637092073259
SLC9A1	1.54876090320515	1.05926208183464e-17	9.48858083941605e-16
PABPC4	0.558856548733622	0.000631943372749138	0.00325416985805259
USP48	0.253063134128108	0.203320079719024	0.352620682128206
FH	-0.370125813212136	0.135907952302244	0.261505371609092
TBX15	-0.799474722904974	0.00010392556448496	0.000685658218716139
PHGDH	-0.762280370490539	0.000495237867419606	0.00264059866159042
CLSPN	-2.11166195095737	1.02560754626657e-20	1.4233554869208e-18
TGFB2	-2.32251520761526	4.96344108094852e-15	2.76314870469296e-13
GPATCH2	0.156163761599533	0.45543987797444	0.618691230112517
SUCO	0.496734257079655	0.00916735142489736	0.0313647559948702
ACOT7	0.000307759868231888	0.999196279967287	0.999906621099645
SH3GLB1	0.0422586946307136	0.811633687348374	0.88880112672674
CDC7	-0.531066860566758	0.0390001571852204	0.101062565693998
PALMD	-5.4158857021561	1.32783604655481e-10	3.48902199592742e-09
DVL1	-0.470974949653733	0.00814050095684351	0.0283235968143565
BCL9	-1.32501356046083	3.8967864478294e-06	3.81490166554267e-05
DHCR24	-1.05712331017403	0.000284054743490821	0.00164256655809085
TNR	2.66519878791073	0.581770147830183	0
CACYBP	-0.861647785097206	6.99325774308174e-05	0.000487844709178449
SCP2	-0.252112182866336	0.23553557893381	0.391564387134494
PAPPA2	-1.82292773590953	3.75666432355268e-07	4.75482233938682e-06
RALGPS2	0.246151063165341	0.439574407667864	0.603915530660881
WRAP73	-0.205365722089201	0.484370090971643	0.643747058455501
ERRFI1	1.95977834952148	8.33655929447381e-11	2.31392357769289e-09
PARK7	-0.027195158332548	0.89677756404425	0.940764041900902
ELAPOR1	3.30871394742862	1.02765000236131e-07	1.49240225471882e-06
MECR	0.3217312147389	0.124803531854068	0.245653608232554
EDEM3	0.722777969434492	0.000433681593794565	0.00236878136610573
RAP1A	0.341273284734194	0.0714194369272354	0.160805752306041
RNF19B	0.673342274667978	0.00546428149632004	0.0203255182046016
SCAMP3	0.388503271736539	0.0312927216789969	0.0850953037295422
TRIM62	0.829052516100143	0.00243787076268819	0.0103541205000638
SFPQ	0.541404120697878	0.0148963965485943	0.0467904505551719
RHOU	-1.07662809273687	0.021597971787651	0.0631032216485158
ARHGEF2	-0.4338403845212	0.116404992235553	0.233153082832203
MEF2D	-0.0167521596088685	0.949596703477408	0.971232210682441
C1orf21	-1.53250000298976	7.72729610563319e-10	1.74235496972212e-08
MAD2L2	0.36143332053578	0.0803440118929061	0.175867982047484
DNAJC6	1.58495407179873	1.6383435413436e-05	0.000136577141155915
LEPR	2.76484157430275	1.50197866815578e-26	4.05472515251313e-24
IVNS1ABP	-1.10129024921508	4.08946439746164e-05	0.000305030299785079
PDC	0.00959283681270409	0.998434382649988	0
SLC35D1	-0.201230990746245	0.424838867464557	0.589955470390541
PLA2G4A	-0.946272217078267	0.00020655146290594	0.00124938737666863
GADD45A	1.30208837581401	5.00580544763698e-08	7.89827125352938e-07
WLS	0.0377856652350145	0.846280036681243	0.909408401923619
PRDM2	0.791635239070384	0.00125334753160823	0.00588929895217058
RGS2	1.04473125592711	0.00249807654453582	0.0105665581590829
RPE65	1.42154657681236	0.775058844790028	0
AMPD1	3.51635097999524	0.155285325979182	0.289545644722466
CTH	1.3568825370792	1.29591055860617e-06	1.43072881671999e-05
AGMAT	-2.59132844983184	2.8345479920371e-08	4.70205701002316e-07
ZBTB17	0.0933628166313025	0.65972902962562	0.7827607296863
CD58	-0.0593967375404774	0.808810587116416	0.886843055711524
TFAP2E	1.55046293327769	0.0166513385362833	0.0512170951357165
CD2	0	0	0
TTF2	-1.51502287192933	5.52840734961076e-05	0.000397041995768146
KIF21B	-1.79381738229781	0.00066736222337919	0.00341336811215512
TMEM9	-0.764701575391435	0.000262077651448834	0.0015314099140216
MAP7D1	0.149118045379538	0.450133478960845	0.614027014874749
WARS2	-0.552611991885892	0.0292538206850144	0.080586468789978
MRPS15	-1.02866723053008	1.21859954081947e-06	1.3567763362107e-05
MYCL	-0.591834100220373	0.158707801970477	0.294367496793619
SIPA1L2	1.70192009603184	1.01186841875325e-08	1.83787013164703e-07
KMO	0.43692974254917	0.829346930135195	0.899154973437547
AKT3	-0.679924829531982	0.00806330823475767	0.0281096082402918
ETV3	0.942074754734454	1.26035926498954e-06	1.39538764242409e-05
ST6GALNAC5	-4.8004079093892	0.123278607267296	0
ADGRL2	-0.0739597963791212	0.801760034094561	0.882298071139434
PADI2	-1.80898423533351	0.717154431471249	0
MFAP2	-1.13809259714933	3.30923215596329e-05	0.000252122900185394
RPF1	-0.058539432461139	0.795230713713909	0.878255808877101
KDM5B	0.744823090726499	9.45487260114065e-05	0.000634130478119351
UAP1	0.999626316458178	0.000142250499175602	0.000901540234625664
ACTL8	-2.49381729988879	0.201530782808675	0.350411781966698
PLA2G2D	-3.17237515035877	0.513898182091136	0
GBP1	-3.52528098081348	1.81657388190654e-11	5.60238207992678e-10
CDK18	-1.83510556712094	0.00416638055020452	0.0162555655321482
ECE1	0.578994390159124	0.00214673059184302	0.00931431522973369
GALE	0.573183183150237	0.00133909078652727	0.00623569521032443
CD46	0.505682629363272	0.00646212194173368	0.0234100049202235
PRPF3	0.450836945124266	0.048618020443713	0.119540278089114
SLC2A1	-0.25765491479039	0.348006407675938	0.514954368228691
B4GALT2	-1.11847004155883	4.50956484580756e-09	8.85159306935553e-08
ERI3	-0.306944330116239	0.108612577730907	0.2211414473957
AKR1A1	-0.159546125613556	0.387110820819375	0.553653599382206
PRDX1	1.49412999981652	3.62973901416178e-16	2.50986900884513e-14
PIK3R3	2.01961973143657	2.85710327445443e-08	4.73127511597803e-07
SLC19A2	-0.546019687293619	0.0506346675976426	0.123374198723247
NSUN4	-0.110709258807436	0.621371789216374	0.755141455974783
CNN3	-0.507619658285299	0.00290918778628128	0.0120697607798411
PRRC2C	0.00997932016668485	0.958755665863925	0.976696712699941
VAMP4	-0.457420886822347	0.0305579637150945	0.0834426757563207
DPH5	-0.378378480096085	0.155328292830031	0.289598360151506
FASLG	0	0	0
PTBP2	-0.859118722156414	0.00862552531773751	0.0297381433584068
TNFSF4	2.4544869139466	0.000997511980898255	0.00482285785268938
HSD11B1	-1.35377935827334	0.591120514046875	0
UTP25	-0.442458014784578	0.0158163165345163	0.0491705552840688
SYF2	0.645607592490652	0.00945705893500334	0.0322328364635266
RSRP1	1.86570461954422	7.36189438973286e-06	6.73541563316924e-05
RCOR3	-0.640078253116373	0.00214253576996891	0.00930020978387167
STMN1	-0.873817462618021	0.0112855876793477	0.0371914843473087
MAN1C1	2.24922015962818	0.253864571965421	0.413702895867242
RPS6KA1	0.163568944292096	0.459139596299093	0.621959308789265
ARID1A	0.146014591867698	0.445607260400198	0.609789756315999
CENPF	-2.80752994376004	0.000107084735573385	0.000704378799714519
PPP1R8	-0.514882628323172	0.0437772561829804	0.110322044449872
STX12	0.9572526167756	2.78049038348637e-08	4.62016222490438e-07
OSBPL9	-0.170030707392647	0.306814192733446	0.4709990243104
KIF14	-3.70138724579121	6.18530926543666e-23	1.10812626994509e-20
SGIP1	0	1	0
CASQ2	0	0	0
RAB3GAP2	0.259005391791687	0.124640618468468	0.245457446603188
C1orf198	-0.525374717488788	0.0251725760986453	0.0712036683186455
TRIM67	-0.869984935488295	0.350083716741219	0.51705761866291
MRPS14	0.900765105279655	4.06541025262939e-05	0.00030381888452244
SEC16B	-1.65008908779949	1.06497289069937e-06	1.20478879202138e-05
GORAB	0.175251187471425	0.492173974667257	0.649780432690268
TAF12	0.786403260513008	0.00144810775754157	0.00666305383559926
UBIAD1	-0.791290749244679	0.000388690405362217	0.00215468968170835
TARDBP	0.12226601395904	0.486118947761683	0.645027343357089
TNFRSF8	-4.49557005309496	6.9350556739536e-10	1.58365170529089e-08
ECHDC2	-1.21159933918955	0.00288580975167761	0.0119954973162435
LHX4	-0.736215166489632	0.288377497909059	0.451358537947251
GJA8	0	0	0
ZCCHC17	0.147863256435248	0.442533790388541	0.606848055611091
KHDRBS1	-0.468258067589265	0.0647805402561386	0.149173884882884
TMEM39B	-0.365220902553812	0.133364277480218	0.257960838987031
TMEM54	-0.782993332207454	0.000220004944640001	0.00132023064677847
ZSCAN20	-0.0393804754449811	0.899512075797877	0.942006827385947
LRIF1	1.0453724502866	6.28055829241993e-06	5.84652632351061e-05
TMIGD3	-2.70405685496544	0.581057166223042	0
GPSM2	-0.762453730007305	0.00826846150231118	0.0286877765538814
RPL5	0.27965892040152	0.19934611004978	0.347933202617219
PTGFR	-2.00974145424275	8.11206578469666e-09	1.5010749335119e-07
SPATA1	2.80051860997852	0.0839979111167317	0.181746468420886
RWDD3	-0.561597768449965	0.0445959502132403	0.111855974398922
ZNF644	0.0485830575894973	0.797765851904347	0.879679334391709
CDKN2C	-1.09650425047519	6.88322596289751e-05	0.000480834333828512
RNF11	0.684708841930634	2.50063930732378e-05	0.000197515426170059
ATPAF1	0.518359217221944	0.0204464891949548	0.0604741051425745
BATF3	-4.21218964543372	0.00036362830050425	0.00203695932860638
MIR9-1HG	-0.172199701172181	0.966211098593633	0
ATG4C	-0.535899909570412	0.0480294032527829	0.118418047028975
HNRNPR	-0.942986695320042	1.34967761882672e-05	0.000115343004484901
PSMB2	-0.680617389434494	0.00635962763510258	0.0231149357810709
ST3GAL3	-0.10765536356181	0.647240988064157	0.773556804644329
TMEM53	0.222640522523874	0.578751669075435	0.721907011102256
DNAJC8	0.00765770633558656	0.97316687822396	0.985164620596886
AHDC1	-0.632190416047829	0.0297396236718908	0.0816948374270913
IFI6	0.480225925909995	0.170959912032565	0.310488156522511
HIVEP3	-1.1815606510552	0.000894111545274399	0.00439846635614643
EDN2	-4.28715939502593	0.362983905782442	0
PLA2G5	0	0	0
UBR4	1.20863444099008	6.9517787186744e-14	3.2464147679838e-12
MACF1	0.475431244063023	0.0042131218535986	0.0164119376099758
CEP85	-0.351367113131441	0.116422698500629	0.233164849527632
SESN2	0.241958265286667	0.322979895419962	0.489037092240526
ATP5IF1	-0.242208417936403	0.212883160735387	0.364680845672138
MED18	0.282393505652563	0.260562094497584	0.420927715080244
THEMIS2	0.206632754619024	0.594678668397267	0.734294017425121
UBE4B	0.136376496297513	0.561094361324522	0.707452756149863
CAP1	0.136050422359868	0.473201281548959	0.634163730396827
PPT1	-0.563462838595613	0.048279077659389	0.118863013853367
FMO5	-2.02150193942317	0.00947202925934959	0.0322782778167045
PIAS3	0.316634234836922	0.182888404551546	0.326170297601566
SPATA6	-0.355651496576616	0.752437519170141	0.848672108368461
ZRANB2	-0.183821463071832	0.322341259406658	0.488344034373233
KHDC4	0.562696913934693	0.0693202755198981	0.157329801873849
APCS	0	0	0
NASP	-0.975374191536364	0.000268889011346834	0.0015645101111934
PATJ	-3.57935106112623	2.59631399704997e-06	2.66765171740687e-05
KANK4	0.503925419207347	0.736306474770104	0.83705749629619
CPLANE2	1.56370728573275	0.0546812008515834	0.13090408469171
CHRM3	0	1	0
DSTYK	0.406584079224074	0.0472119558258859	0.116958644055403
LGR6	3.43620027576169	0.478777292055784	0
EPHB2	0.109823248992809	0.635038764831618	0.765004519746727
SRRM1	0.127200429495444	0.51792486993544	0.672691320886952
REG4	-0.579910709313544	0.906501938236365	0
GSTM3	0.882309492714619	8.36787585890562e-05	0.000570213449348039
VAV3	-0.603555195945321	0.62109760628354	0.754994481065244
PSRC1	-3.68548353027235	9.87710814065654e-20	1.18687908614584e-17
PTPN22	-2.76508322387652	0.0390560032848965	0.101140165142635
SORT1	0.300053292576398	0.12247756655732	0.242311555480887
WNT2B	0.562621929398445	0.521486476937101	0.675975364191244
PTGFRN	-0.656475684878311	0.000306294835702975	0.0017536758649618
LAMTOR5	0.271059279095892	0.135045682547083	0.260151052390554
NOTCH2	0.665140816793568	0.00771361696029919	0.027159594324927
CD101	-1.30095313860202	0.154760483289095	0.288730932895787
NGF	-0.330252713242956	0.285429163110604	0.448167677270391
NAV1	-1.75608942641664	4.74837290889197e-15	2.65841434419131e-13
CDC73	0.0382285996751441	0.828620501223195	0.898798764245896
PUM1	0.328458857965299	0.192571564667691	0.339294396504801
SPOCD1	-2.32359212785778	1.84488022894593e-15	1.11524707582324e-13
PHC2	0.631317871450312	0.00787038812273548	0.0276129141418458
GNL2	0.0491549356302026	0.822368866643557	0.895135225349052
TUT4	0.15763425782112	0.415760601384482	0.581504199537543
PCNX2	0.465839024542419	0.23610419322539	0.392317011345904
URB2	-0.956649075753517	0.000147399238523615	0.000928940452057843
EGLN1	0.419283585736457	0.024389235821493	0.0693762514916516
ABCB10	-0.17480119413748	0.451067856010496	0.615041461177531
NTPCR	-1.00418301492532	1.67982480456977e-05	0.000139269278181138
GLUL	0.620892150992944	0.0348670330067447	0.0927168559524918
KIAA1614	-0.724014378145719	0.319153047638253	0.484556942203933
CEP350	0.923978251848843	2.21036029802614e-05	0.000177591252363685
NPL	0.268463760558079	0.63594353926168	0.765673223865465
NIBAN1	-0.36274520567048	0.133617460737828	0.258182105967289
PIGC	-0.453060472522322	0.121064663712055	0.240215598849524
LAMC1	0.322338811054578	0.133507507527244	0.258027047054504
RC3H1	1.82571194003867	4.86167001222065e-14	2.31982883609764e-12
IL10	0	0	0
RPS6KC1	1.47998093039037	1.28456415779131e-10	3.38887628615708e-09
BCAR3	-0.352498905390235	0.120549567621123	0.239458757091974
FNBP1L	-0.258155002277842	0.169548463919189	0.30880698506982
KYAT3	0.358170663236825	0.280796131629887	0.443081861320377
GTF2B	0.825421644494091	0.000289130630761124	0.0016680027343119
BRDT	0	0	0
IFI44L	-6.96215488993835	0.0017650754979321	0.00787867334943329
ARHGAP29	-0.205126327373976	0.495295026970373	0.652153343790014
IFI44	-2.36452400667458	1.559904659163e-09	3.34505344049241e-08
SLC44A5	1.50935928402064	0.30356042002325	0.467522381807431
DNASE2B	0	0	0
DBT	0.717930016920721	0.000266700363433432	0.00155452944755476
IL19	0	0	0
SLC2A5	-1.63961833793283	0.183331654195198	0.326702417946879
RERE	-0.312142165188502	0.0929058666728394	0.196300623407489
FHAD1	-1.08330671952379	0.0826218532642997	0.179498276075356
PADI1	-2.82161127915575	0.0470863352470117	0.116683935151172
EPHA2	-0.0896105671958758	0.751832050159848	0.848112788943563
ARHGEF19	-2.05058369435883	6.38681130776177e-09	1.21257119886379e-07
PEX14	-1.06515698316562	6.04328333815836e-06	5.63976123637409e-05
PGD	0.819158824811651	2.18627289942411e-07	2.93493733167241e-06
SH3BGRL3	0.452517151017049	0.0235660827551971	0.0676400805209248
C1orf216	-0.069171339859861	0.758165304287275	0.853000893559565
KIAA0319L	1.53455726025528	1.5344128602386e-08	2.66890328655976e-07
EVA1B	-0.130018761715646	0.671079745838639	0.790919714804261
DMRTA2	-3.3420270557003	0.000622955458774906	0.00321434088723387
MAP3K6	-1.18343027731731	8.77776739848693e-08	1.29092135911927e-06
GPN2	0.136646518376708	0.523491402189458	0.67740336346356
SYTL1	-2.59027019282291	0.172158450189476	0.312195686179748
WDTC1	0.561236733713864	0.0264353784591177	0.0741794109773363
NBPF3	0.375742075501053	0.276139369041717	0.43835595555576
HSPG2	-0.563672053445866	0.0493490039530122	0.120930218963195
PRKACB	1.16718989817164	4.38527110243132e-06	4.25926750200168e-05
AZIN2	0.946872222562139	0.00559283578579007	0.0207293614501721
DMRTB1	-1.49957230216637	0.761117256959431	0
LMO4	-0.240678136036275	0.373456350519622	0.540320409638807
IGSF3	-0.249533394232955	0.239687255867938	0.396634205339613
ZNF697	0.491729847001427	0.0522252153903087	0.12629798990021
CTTNBP2NL	0.766354435056839	0.000996118438746129	0.00481730210364907
CD53	0.0156420673699337	0.995126004365887	0
GPR161	-1.20579291265102	1.43530177798755e-07	2.02328269948503e-06
POGK	-0.533041608078034	0.000668461885906512	0.00341721877705827
GPA33	-5.80391753054539	0.0370902836351919	0.0970701486850898
UCK2	-0.757354819278618	0.0159732873255041	0.049556922752473
POU2F1	-0.741270891525684	0.000185459210071268	0.00113645667066992
ILDR2	-1.36278151766324	6.86869320632494e-07	8.11518807056628e-06
DPT	-1.77835942935272	0.719000668063791	0
ADCY10	6.29767718772586	0.0102369373686329	0.0343687032040893
NECTIN4	1.88269725560009	0.000702820177367732	0.00356695267457788
UFC1	-1.35239585593424	7.62277766319526e-11	2.1429683225191e-09
NUF2	-3.05723128243728	1.41123822252099e-05	0.000119583356093167
USP21	-0.710291657518697	0.0104609417332198	0.0350176546003245
PRCC	0.400118938495473	0.048939745178677	0.120114797306391
FCRL5	0	0	0
ABL2	0.740404375956463	0.000118196684625175	0.000769765825941176
RGS16	-1.19571831509373	0.218145154172518	0.37108213666619
HMCN1	-0.6846585023468	0.231241203463483	0.386683953895193
RGL1	-0.0207581411924151	0.933145596952684	0.96159277761695
TUFT1	1.88332584995737	8.21184516697733e-11	2.28556389394645e-09
ECM1	-0.00808545760415849	0.973290876594985	0.985188931381034
SNX27	-0.342867902789215	0.0998811199713797	0.207479417231578
MCL1	1.19299017322151	2.3594955214385e-13	1.00212453105579e-11
RFX5	0.392692967676324	0.196724619153144	0.344578443662875
PI4KB	0.020713479457799	0.910819933420694	0.948935021919089
ANP32E	-2.05210175951078	9.58706522994493e-16	6.05552225918349e-14
MINDY1	-0.159426405106916	0.599096786493769	0.737992272248575
ENSA	0.18939498474194	0.381626926645186	0.548317428069166
SEMA6C	1.57425889436722	5.97207309722505e-06	5.59105199653273e-05
ARNT	0.249049943100987	0.172884403808638	0.31320398472668
GOLPH3L	0.340822413056024	0.180451285745664	0.323345470830132
KCNH1	-3.47953687228439	0.000942517401038939	0.00459871018130091
DTL	-3.03373198490434	0.000512700375193188	0.00271607158439037
VASH2	-1.50402654395687	1.75399035126755e-06	1.8816487671437e-05
SMYD2	-1.05945676489096	6.91008953144841e-06	6.38430072181218e-05
SUSD4	-1.69938020057832	0.0359324038629956	0.0947824766333896
DUSP10	-2.84758122636948	3.65900122653839e-24	7.78698671393507e-22
HHIPL2	-1.06851487334063	0.0253000945835103	0.0715161939581358
TP53BP2	0.35334189531982	0.0714972125598426	0.160917721324442
S100A8	0	0	0
TPM3	0.00417131620424556	0.988073191685825	0.994025135971849
SLC27A3	-0.613622097835358	0.128207567104822	0.250728046535152
HAX1	-0.777041183832107	0.000110850257492218	0.000726238704919924
ILF2	-0.344484611099835	0.158591064077743	0.294261754992946
RIT1	0.282267960017048	0.276149048056863	0.43835595555576
INTS3	-0.790777582638299	0.00517035770622305	0.0193858902809242
ACTA1	1.86053594987593	0.476198457529413	0
GALNT2	0.603015283172117	0.00292090848464268	0.0121132877750112
LYST	0.598857673178826	0.0265084667153247	0.0743104343611528
CEP170	-0.0859698727704992	0.71137657409735	0.820694189540831
SRP9	-0.325372348257696	0.175868887531555	0.317153016707938
NVL	0.143544581952959	0.503030604658956	0.659299290104685
DEGS1	-0.0129319206244775	0.940348645747779	0.96593436339596
FBXO28	-0.124547195693649	0.630832874897521	0.762080761699592
ARF1	-0.0412841881490993	0.802757232863579	0.883153954560517
ITPKB	-1.60400256025278	4.59550757573378e-06	4.42854121246874e-05
CDC42BPA	0.0383244991205967	0.82543129702418	0.896931229809172
CNIH3	-0.0353781893895142	0.878451700678364	0.930233619842478
PARP1	-0.689349087489196	0.00208669395336208	0.00908291092814008
EPHX1	1.61944035289278	3.06369422636658e-08	5.03975142896546e-07
ETNK2	-2.69517702219958	4.50161971834302e-06	4.34656637870583e-05
ZMYM4	-0.276432643901825	0.190746186509276	0.336740580268593
NEK7	0.202123559145223	0.261022608134794	0.421291772195937
RABGAP1L	0.0788257567500839	0.762248580739617	0.855828042293099
PTPN14	-0.0803672729464173	0.695860155413841	0.809472052010967
UHMK1	0.377904607444708	0.0178404628668568	0.0540978614736338
TADA1	-1.07124325378223	2.16226253319248e-07	2.90468355430294e-06
DYNLT5	0	0	0
MR1	-1.10710595143057	0.00379148660615412	0.0150551735940921
HNRNPU	-0.411089283655424	0.0512802558525114	0.124547695598403
LINC00467	1.96017650650419	1.80113751963758e-06	1.92489246743481e-05
DDAH1	0.00237749640981762	0.992452849694844	0.996295059290729
AK5	-3.28539964914455	0.0214777982323204	0.062817300350896
MIA3	-0.0556903826854114	0.764150580512831	0.857323889783074
DISP1	-0.879798526396182	0.0138529190524043	0.0439966923071285
ENAH	0.657903326859483	0.000128733037889599	0.000826634727171822
CCSAP	-0.324522771638884	0.271736578373112	0.433612368420966
DIPK1A	0.590337359730065	0.0623617205014371	0.144806226544585
MOV10	-0.0870252304400881	0.661577370806447	0.784081383598908
PPM1J	-0.239958257346153	0.773896889305794	0.863391597603402
SPAG17	0.662900578336119	0.891559975672305	0
GPR61	2.4170769580969	0.337749064576886	0.504894243769756
MFSD14A	-0.0635982774051075	0.756103325661789	0.851166927842847
SHCBP1L	0	0	0
NMNAT2	-3.4994785718277	2.12118785512802e-07	2.85339584034183e-06
ZFYVE9	-0.82500481670814	2.74872085274839e-05	0.000214022290972392
LRP8	-0.429466797555546	0.0533905446444561	0.128532551100451
CDCP2	-2.27709808773883	0.643443230779714	0
SSBP3	0.307055409281832	0.176794815699927	0.318531306728694
PANK4	-0.854460965253995	2.71800667406618e-05	0.000212049713087182
PEX10	-0.372517304572003	0.161660431690738	0.298132334580702
SKI	0.990432644856319	5.25287770375328e-07	6.386086422447e-06
LDLRAP1	-0.260902843032715	0.177719835697057	0.319730217462289
EXTL1	0.577848543214696	0.906937020350179	0
GRHL3	-4.83200714837866	0.314308891994883	0
UBXN11	-1.55179794566815	1.40148686479616e-06	1.53610131504661e-05
EYA3	0.168173355849522	0.5508559954208	0.699016040035912
CD1D	1.70770288348504	0.623733308827691	0
CD1C	0	0	0
PPP1R15B	1.21557731424961	1.65199534692603e-06	1.77998208320783e-05
TAGLN2	-0.664410199892136	0.0326737706695275	0.0880745602217706
ELK4	0.908431180773469	3.89480036411666e-07	4.90124445423593e-06
SLAMF8	-6.15670202739074	0.0043130324767666	0.016730471372991
SLC45A3	-0.784290209201999	0.0038061793752706	0.0151013442618196
NBL1	-0.116016994263454	0.633512154147383	0.764006120909521
DEDD	-1.18399959602074	1.28390887922581e-10	3.38887628615708e-09
CDA	-1.17933650848199	0.000870249404054215	0.00429071929089227
PINK1	0.382580179333691	0.0313999300123907	0.0853162030544855
B4GALT3	-0.599613675723493	0.00479508638087572	0.0182039621090191
FCER1G	3.19026516094099	0.00357876330892758	0.0143638876841214
CACHD1	0.207740430019259	0.405850691839635	0.572314818181302
EPB41	-0.25321957465361	0.153264940353666	0.286715693820519
CSRP1	0.507889524097068	0.0493575053765231	0.120936013733077
CCDC24	-0.175144290806736	0.841535081472011	0.906434840979936
CYB5R1	0.624227452512833	0.0029704753177832	0.0122800832992561
PSMD4	0.452268448235307	0.0288705062351254	0.0796738644973557
ATP13A2	-0.527994652548784	0.0651642999084459	0.149917447851476
PSMB4	0.213123195488759	0.189653149276982	0.335284459340579
BTG2	0.254346577067869	0.566910774562809	0.712507055759521
THEM4	0.225393836463786	0.485131200953811	0.644279714878852
BSDC1	0.639555334422543	0.00135447137249556	0.00629690194332861
ZBTB8A	-1.08870794963227	9.83754152236963e-06	8.72102702570123e-05
SSU72	-0.393256033089878	0.0216084593711851	0.0631245047180469
UBE2J2	0.0748410314698158	0.675863165568348	0.794087843787959
ZNF362	-0.420308672749672	0.136004717017314	0.261524587106113
S100A1	1.89220071260527	0.0708249388169951	0.159824466880399
ZBTB7B	-0.282457493169308	0.326957329757766	0.493118860812993
SHC1	-0.0820001638404719	0.662365802951116	0.784591144963494
ADAR	0.0398442737077399	0.819810432757741	0.8936337296508
FDPS	-0.701371251218248	0.00218711759531498	0.00944794529830606
SLC25A44	0.791113566526392	5.55896833465678e-05	0.000398946063259582
LMNA	0.639745158174796	0.0141252136877155	0.0447389241632609
BEND5	-2.87877773204768	0.382134060282994	0
CZIB	0.516068522615466	0.0163049755843149	0.0503481908242076
ACOT11	-2.06814016249185	4.05631273968041e-05	0.000303369089794618
PARS2	1.04496455828421	0.00134911739627367	0.00627645338252246
USP24	-0.553150270866978	0.0301157931582393	0.0825096532419605
PRKAA2	-0.254522504816289	0.40145639908301	0.567987741885913
KLHL21	1.01614909122318	0.000247418620199823	0.00145505184968007
ZSWIM5	1.15904649158739	0.233796416962645	0.389403819226068
SLC45A1	-2.62373051437681	0.116366836215007	0.233124046080019
SELENON	-0.198722484483142	0.523983127940553	0.67792381186479
JAK1	0.696093171437318	2.82541443655469e-05	0.000219214339768438
RAVER2	-0.774101608293295	0.00185360515772398	0.00821060841610846
FBLIM1	-1.88699433097167	8.35199771737532e-13	3.24001612236841e-11
PDPN	-1.14876364344818	6.26226457302918e-05	0.000443922474606784
DHRS3	-2.42368668531607	6.1833344261905e-07	7.38067665275204e-06
PEF1	-0.864304714617298	1.17647351422124e-06	1.31656806046326e-05
RBBP4	-0.602615223507802	0.00170674173551426	0.00765296004136053
TMCO4	-2.84916678661456	1.13093644281531e-13	5.05620100693333e-12
ALPL	-0.907501108476944	0.238215482458092	0.394729043370186
FAAP20	-0.0393110514732197	0.844005390599263	0.907756057007023
IL23R	0	0	0
NFIA	-1.12117478832717	0.00649527491643285	0.0235082429344614
OMA1	0.57333202490217	0.100057123577597	0.207604309785609
MYSM1	0.150418682227243	0.376862864316718	0.543929945555081
TM2D1	-0.551626365407199	0.0969818655310933	0.202954404164942
USP1	-1.56018296384908	3.11017451124303e-08	5.10768409108886e-07
NEXN	-2.46530038451294	3.00652098992565e-21	4.52286329377594e-19
ADGRL4	-2.37898800012884	7.33689675555608e-12	2.38594429639841e-10
TYW3	-0.707195911864395	0.00240155254593827	0.0102210463895226
LHX8	-1.92558251280124	0.696525065436989	0
SNX7	-0.252080556724766	0.299660190687678	0.463077222386854
NTNG1	-0.824957483123851	0.0792552845784028	0.174123065015227
HENMT1	-0.225358966023433	0.436239937264592	0.600683373649617
AKNAD1	-2.01958591689572	0.258349089206177	0.418608906752171
C1orf52	0.0568220624238562	0.817621986526815	0.891938914391583
ZNF326	-0.297044001027712	0.20625606101367	0.356520322287202
BRINP3	-0.759161493459539	0.87734233268735	0
KCNT2	-4.8701122870933	0.257876077884263	0
AGL	-0.27799123719937	0.227686341501997	0.382673185717766
VCAM1	0	0	0
EXTL2	-0.327275298928724	0.0785675059333589	0.172997747422202
SLC30A7	0.557659823415188	0.0175354374489765	0.0533617766842155
ZNF281	0.0243596674736133	0.900654224842436	0.942204563788567
IGSF8	-0.633150762184388	0.142315387699841	0.271081514150471
DDR2	-1.3344050966515	5.10730546272239e-08	8.04553707065309e-07
OLFML2B	-2.27503630031658	5.76314345531043e-06	5.42379503695333e-05
C1orf74	1.10147607147246	6.55040112853919e-05	0.000461525759886027
FLVCR1	0.113400568494387	0.673674489632674	0.792792497742213
ATF3	2.642426539732	1.24271746222069e-19	1.46648101963971e-17
RBM15	0.417023208345334	0.0688119212626164	0.156536596135563
IER5	0.918271986059196	1.01514423121958e-07	1.47532797674367e-06
BPNT1	-0.154799236107349	0.542119134722482	0.691984052592522
C1orf115	-0.570899681239576	0.127999060820566	0.250419685455266
NBPF20	0.865714557793907	0.0233434539907323	0.0671183903990899
ACP6	-0.267154525797773	0.380096949729725	0.547196331969003
KIF26B	-1.5856716860543	7.21098775850571e-06	6.61886053828002e-05
MAPKAPK2	0.430404242154671	0.0108236317928279	0.0359880735180124
IL24	-3.83607860437163	0.00857768732686547	0.0296094734893217
FCAMR	4.24450822123936	0.379722960158953	0
CAPN2	-0.241234330504222	0.183740362526688	0.327245487963256
DISC1	-0.454013857280748	0.202672829614626	0.35190074477669
COQ8A	0.249649754772911	0.36513029718116	0.532259987169843
PYGO2	1.0932101677624	3.35875596846186e-07	4.29254240405174e-06
INAVA	3.72482245816497	0.0560909199249424	0.133645721068896
YY1AP1	0.176040240426031	0.35550169335838	0.522709234575363
ELF3	4.28137531842546	0.0123654919910472	0.0401196494348974
TMEM183A	0.164749931714288	0.452611482626697	0.616476158788888
TMEM79	0.871403684625818	0.0616692252793972	0.143603382084495
SSR2	-0.155247802468453	0.398719119412947	0.565658173369155
NUAK2	-0.207936238409655	0.690126628668984	0.804991149522324
SMIM12	0.00167764576005373	0.993192252942042	0.996584418707408
MEAF6	-0.583989283684296	0.00383467741406026	0.0151991125902827
SNIP1	0.647961756178013	0.0283080583042764	0.0784512593168858
GNG4	-2.00737189385048	8.30546555400044e-14	3.80641417843458e-12
COA6	-1.25248401613437	3.99895770604042e-07	5.01638825671155e-06
MFSD2A	-1.76762854444479	7.49086346759263e-07	8.78182310266793e-06
SERINC2	-0.341929359295646	0.362463215309792	0.529822176539836
NDUFS5	-0.141161674655998	0.496642584306026	0.653403792570856
AHCYL1	0.45460029578649	0.00778269628991617	0.0273637102204064
GSTM4	-0.560457395195945	0.0876308757426895	0.187588710434628
RAB3B	-0.387769604496973	0.0867864074271373	0.186185470407859
THBS3	0.23471840011402	0.661631973772453	0.784098942037028
SLC50A1	-0.536096903830206	0.0342051017435696	0.0913387452656539
PTAFR	1.54935895002118	0.103615881793573	0.213241160632009
CLIC4	0.223764078169699	0.233313467873017	0.388963694046339
CRCT1	0	0	0
LUZP1	0.382826718987022	0.0336155576942285	0.090192857717417
OTUD3	0.796833284713989	0.000420118260490647	0.0023087759507778
TAS1R3	3.55142532036903	4.78027639797397e-05	0.000350464683686284
IFFO2	-0.0320150830627268	0.861599514928183	0.920051435900644
SLC30A1	0.552876641508559	0.00858325133547802	0.0296157288851822
S1PR1	0.794974999961784	0.00222413064696228	0.00957634753325007
ZNF672	-0.506705996441545	0.0188930738318856	0.0567569826227089
ZNF692	0.586998041485726	0.0914445241914634	0.193857276058646
KCND3	0.00987528383344915	0.995235818399486	0.997589185034018
LRRC8C	-0.849305621894561	6.65819426081481e-05	0.00046761594546642
LRRC8D	-1.04310088212661	8.79701643866804e-07	1.01086182482117e-05
COL24A1	-0.243994245812471	0.685155254710634	0.80094116417566
LPAR3	-0.150352399749258	0.539987938768448	0.690068238720563
CLSTN1	0.42509089389715	0.00962460936841175	0.0327098479686504
PIK3CD	-0.607785575792407	0.019298042996372	0.0577008850446826
SLC25A33	-0.130650445768374	0.594601980556266	0.734247360348435
SPSB1	0.788849236230452	0.00754388059781349	0.0266333312327321
CAMTA1	-0.516763809690071	0.0205719424282517	0.0607357707016564
CTPS1	-0.764036222481144	1.02070914915454e-05	9.00005154469283e-05
METTL18	-1.22482765673978	0.0020818785189025	0.00906887267285843
COL8A2	-0.788727110371763	0.407124458120899	0.573290582078497
ANGPTL7	-0.646734241711559	0.893126316804216	0
KLF17	0	0	0
SRGAP2C	0.121579805419471	0.578383790083758	0.721718407130732
PPIH	-0.678934273129964	0.0231688472140787	0.0667819909386938
NEGR1	0.344016582894353	0.484065663947198	0.643472650212981
ALG14	-1.55732564504369	0.000118954307374981	0.000774185117384003
GNG12	-0.114110436133695	0.618645400083833	0.752895998237022
FGGY	-0.50140857066297	0.08479255609289	0.182930793748572
HSPA6	0.0312073657254434	0.970597440964984	0.983924222685434
VANGL1	-0.635077209870133	0.000224053168742412	0.0013395674859253
DAB1	-4.31825402014963	0.0398024114198059	0.102601193178563
MICOS10	-0.188712522631185	0.430671441982071	0.595220008916521
CD34	-4.20472909394407	0.390083121765074	0
CYB561D1	1.24420270889155	6.21192441166926e-08	9.51931527066611e-07
PHLDA3	-0.662863080406805	0.000805905344415822	0.00400958763504231
GLIS1	-2.16028192651324	1.20631551756303e-05	0.000104489447298174
GOLT1A	0	0	0
PDZK1	1.65820273530822	0.0370152077783539	0.0969122757656463
GLMN	-0.0479084864986005	0.844228609101782	0.907847495338253
SH3BP5L	0.105968781496583	0.678635670875955	0.796300873233251
TMEM51-AS1	-4.24398797947428	0.239369111309725	0
ZNF683	0	0	0
CLK2	0.827012140840975	0.000149937921667506	0.00094282917112366
LINC00303	0	0	0
NUDT4B	-0.042095951266612	0.913977645035388	0.95063901676848
UBE2U	-0.471067300248335	0.923613323651126	0
NHLH2	-0.49342419043276	0.273535619468236	0.435530940685184
JUN	0.111502263530272	0.738917676630241	0.839010778425063
AGTRAP	-0.849410402397123	0.00128509366005552	0.00601123682855783
FAM87B	0.337829378305436	0.659733888646396	0.7827607296863
RPS27	0.815776861556929	0.00210922500478257	0.00916975450457758
PDE4DIP	-0.0351544861543322	0.915185753506502	0.951393450670076
CCDC185	0.0801119625785602	0.971319540863388	0
CTNNBIP1	0.671268407062346	0.0579960379798123	0.137255664761398
DPM3	-0.0281418857367105	0.942842077345247	0.967684099140987
FUCA1	0.262039445024877	0.344172644465049	0.511046587136282
VWA1	-1.05967553740108	0.144991860362959	0.274930683361189
HTR1D	-0.104743696875995	0.972817911060693	0
SPEN-AS1	1.66679436392058	0.000414338437742605	0.00228146621754499
CITED4	0.263052211660126	0.767245358640142	0.85923286815273
TRNAU1AP	-0.410857679550877	0.158556417993498	0.294225172259685
MIGA1	0.804889180387941	0.00010762752749804	0.000707476879387551
FCRL6	1.62416462103384	0.425745002926188	0.590564987165931
ZNF678	-0.256880646565281	0.438180998879818	0.602568324002708
GPR88	2.12659965929792	0.666417052766011	0
GPR3	-1.89509819373473	0.0597610937122053	0.14045460629534
IBA57	0.348237991447971	0.271063754047704	0.432784039619064
SNRPE	-0.880649721528629	0.0352868054653916	0.0935931460708576
TDRKH	1.00224146882383	0.00012114963942011	0.000785360507911881
PAQR7	-0.414834317169687	0.0500022992647079	0.122174453434778
FHL3	-0.649646599305423	0.0403743791989358	0.103749887974107
SF3A3	-0.937596991939244	4.67272601876532e-06	4.49635799081095e-05
UTP11	-0.808783610013487	0.00011776788843725	0.000767731319031719
TMEM50A	0.868590013713612	1.27044126922419e-06	1.40497116120096e-05
SLC35F3	0.186008082630824	0.547141229519874	0.695870423371936
LIN9	-2.24315207713185	2.16218131371985e-11	6.58579708647251e-10
KIRREL1	-0.420601056952785	0.0173896928759695	0.0530165033271553
ST6GALNAC3	2.51271120744132	0.151915108634436	0.284851669444227
PTP4A2	-0.478162731458216	0.0877949103866947	0.18783783508746
TACSTD2	0.234402184542558	0.462450450723506	0.624605912059672
CSF1	-0.371496309666367	0.27448599752923	0.43664276266983
PDE4B	-0.932701214535649	0.00473349819302299	0.0180117877756138
FAF1	-0.226557944749982	0.318058890863331	0.483342578828166
PGBD2	0.553272714416422	0.100465295433417	0.208231970667475
ZBTB37	1.17793178118639	0.000688811035763164	0.0035066905403732
SMYD3	-1.97200091959486	6.90345939844152e-12	2.25616043723196e-10
IFNLR1	-2.00706061815768	0.00391594638168537	0.0154590455416413
ROR1	-1.40409415845463	3.0448550910167e-10	7.54779361995799e-09
MUC1	-1.96114896738063	0.031223337484688	0.0849535153680445
FAM131C	-1.66380038691979	0.285276554028938	0.447999446190795
PBX1	-1.29011824142456	0.0352466845490131	0.0935496851727139
DNAH14	-0.461586924559491	0.134046472452186	0.258808056492135
NBPF6	-1.01106965522649	0.0437047497393828	0.110181591801716
AGBL4	0	1	0
POLR3C	-0.459546372948672	0.040828417422822	0.10468457222893
EDARADD	-1.78816868883826	0.0190262692238953	0.0570827036334021
LCE5A	0	0	0
MST1P2	0.475417664920375	0.765792336503183	0.858494201915253
FOXD2	-1.01275326322428	0.321757666388766	0.487647337654649
HPDL	-2.49247058529795	5.01604051165366e-05	0.000365168490443882
TNFRSF18	1.59013802347467	0.74952093312486	0
SPATA21	-0.54784111503794	0.730802135722636	0.833472528411249
ISG15	-0.366951381492595	0.2902470517086	0.453204868712572
SAMD11	0.487164012909629	0.730060118714532	0.833128424315669
ZFP69B	-0.194289664064708	0.650912004195258	0.776124570935869
GPR89B	0.187442765268551	0.46378912935462	0.625762862672292
SRSF10	-0.206845744866716	0.195147912442085	0.342449172493282
FAM72B	-2.14665815652264	3.07344964683868e-07	3.97953168135675e-06
DPYD	-0.435297723984563	0.0629515109461174	0.145916893226904
S100A16	-1.22321408886804	0.00076504170491811	0.00383471266997356
RBM34	0.0135461380020259	0.95863707954809	0.976626391989982
MTF1	0.329963370875305	0.207486940751981	0.358048236667272
TMCO2	2.86707038685745	0.483012778857491	0
CNR2	4.84294144652304	0.225773186034935	0
FAM78B	-0.188173675998094	0.752466014589847	0.848672108368461
CFAP126	0.166211808321191	0.644991152102789	0.77208532068819
BTBD8	0.296218578771544	0.555663630819115	0.702808752490359
PNRC2	1.12232590743326	0.0036463425183203	0.0145905526920889
KAZN	-1.05430287912509	0.0455497666596067	0.113669653230451
SH2D5	-2.72060260860302	1.90145476945932e-14	9.7329789978532e-13
STK40	0.666078205644433	0.0119183911302212	0.0389060351173213
CD55	0.4944923181337	0.034102544458346	0.0911513418744914
SRGAP2B	0.00137078698008718	0.995204214384344	0.997589185034018
ZNF124	0.258342920368033	0.300776493405694	0.464295073276807
S100A5	-1.07617842799529	0.568727291933816	0.71411758086855
NBPF4	-0.264224993237173	0.642641957804714	0.770443184235156
GDAP2	0.933335497580645	0.0206497583119878	0.0609107599243141
FAM72A	-1.95747329432829	5.75416310942506e-06	5.41793083599807e-05
SLC30A10	-3.57223934781707	0.461844905234686	0
S100A2	-2.02698085429699	5.99838503266266e-10	1.39563369349095e-08
ZMYM1	0.921019201035007	0.000516584428809129	0.0027335568427965
TRIM33	0.644037623057168	0.00106113938793601	0.0050954858474793
ZNF695	-0.586978963058711	0.242885138737098	0.400413035727957
MIB2	0.986509720346266	0.000436221232694446	0.00238001435014104
S100A10	1.19463682884131	4.46173820969324e-06	4.31228420296344e-05
TAF13	0.862350853255928	0.000326357095444179	0.00185186273536379
MDS2	0.110115116004726	0.982082430352436	0
DNM3	0.558098270153835	0.0582137674300754	0.137622206663207
MPZL1	-0.236985223771756	0.170391248868204	0.309797983342161
SNHG12	0.805291644037211	1.41527907321409e-05	0.000119806291648754
MAN1A2	0.914520545908483	4.58547392057051e-05	0.000337438142467076
CACNA1E	-1.19425211714091	0.0768273157742418	0.169982700343885
NTRK1	4.1503596828397	0.390483344215425	0
RD3	0	0	0
SH2D1B	2.73016769643273	0.38392342950256	0
MDM4	-0.155351588494386	0.650910141672435	0.776124570935869
ABCA4	1.1092099662035	0.563793131902527	0.709674964895445
GLMP	-0.439591917329185	0.0390828980831708	0.101196514587445
OXCT2	0.396569317718581	0.81696884984881	0.891493259176775
COLGALT2	-0.551622701956379	0.0591600780200625	0.139341180535601
EPS8L3	0	0	0
RCSD1	0	0	0
MTOR	0.382485535927672	0.0388328140798026	0.100681261290708
BRINP2	-0.977050017581981	0.841808385372194	0
LRIG2	0.414479213283282	0.060131026973866	0.141088480601735
FOXJ3	0.315989626316643	0.0941400435198083	0.198270582199943
PRMT6	-1.01745251113707	2.48251396822324e-06	2.56140852208249e-05
SHISA4	-0.503245020961056	0.150582430851803	0.283080030983162
C1orf174	-0.902768511017905	1.57672536093829e-05	0.000131722418520446
NOS1AP	2.10135346850729	0.00374153429610997	0.014883814366863
MIR135B	0	0	0
RNA5S1	0	0	0
SNORD45B	0	0	0
FAM78B-AS1	0.263568315434027	0.952967950526126	0
EFCAB2	-0.283275039892472	0.584903310614482	0.727144180058011
CHML	-1.33015467098812	3.44361042994189e-11	1.02357814091802e-09
CAPN8	3.16764562269483	0.515302704553038	0
LINC00862	-4.05753328284574	0.0266483265355628	0.0745963879312977
C1orf53	-0.168563147208032	0.75283597455929	0.848797903234734
PRDX6-AS1	0.374429401335422	0.613035773345388	0.748422631946203
NTMT2	0	0	0
CHIAP2	0	0	0
SAMD13	0.379980914861732	0.843195782060439	0.907355697006199
ZYG11A	-0.761557287097749	0.00640479427493005	0.023236244620038
FOXO6	0.438394458098955	0.75464564910746	0.849986623132697
INPP5B	-0.0150727061003144	0.952245324041847	0.972789349594484
ZDHHC18	0.10192844460986	0.648389735788668	0.774647864394501
TMEM51-AS2	0	0	0
DISP3	3.46611583608019	1.57676554163359e-05	0.000131722418520446
ZBTB48	0.879658168208978	0.00308839644386212	0.0127009659263754
RNU1-1	1.52363373590641	0.759153141469467	0
SNORD21	0	0	0
RNVU1-30	2.4212383961067	0.61448336953689	0
RNVU1-15	0	0	0
RNVU1-14	4.01517142096481	0.405844237879766	0
MIR181A1	0	0	0
MIR557	0	0	0
MAP10	1.46746791270826	0.0134365242263963	0.0429441425445332
DENND1B	-1.93146012668342	1.55321721597255e-06	1.68494494989246e-05
C1orf220	-0.848376070133464	0.469281706889187	0.630841377739782
SFT2D2	0.298655108765982	0.125224254183724	0.246188585115587
CFAP45	-2.07220291538722	0.0448178337241118	0.112279470327286
MLLT11	-0.503884445331055	0.0604289684098093	0.141587244923064
LEPROT	0.403647509914218	0.156718881622186	0.29150671058959
SH3D21	0.298595638893721	0.432373124806757	0.596943895934339
SLC35E2A	1.20100661417475	8.78301768208246e-05	0.000595619165384718
LINC01139	-0.419497881521656	0.613037251082211	0.748422631946203
ZC3H11B	0.405900382661432	0.546519946043603	0.695259736407029
LINC01356	4.3553397515808	0.258283759045507	0
MIR942	0	0	0
NBPF1	0.918356662357628	4.96026823053477e-05	0.000362044466737588
MTMR9LP	-0.612085390916043	0.406396941439654	0.572757242719821
RNU6ATAC35P	0	0	0
MIR1256	0	0	0
LINC02897	2.41567627342436	0.251732015846092	0
BCL10-AS1	2.22691768535892	0.0673635878219642	0.154011345000223
LGALS8-AS1	-1.35890283983985	0.623972975871186	0
ROR1-AS1	-5.68875981297961	8.11846921953531e-05	0.000555475401938482
LINC01767	3.74502105375205	0.435768405192235	0
SLC44A3-AS1	0.615469017554866	0.488712362405795	0.647509380525144
LINC00466	0	0	0
TMCO1-AS1	3.58794049102317	0.0398437591531739	0.102660548003435
LINC01708	0	0	0
SLC25A34-AS1	0	0	0
LAMC1-AS1	-0.0283410912275031	0.995374833869192	0
LAMTOR5-AS1	0.855980836525756	0.247966677246266	0.406714882105049
LMX1A-AS2	0	0	0
LINC00184	0.516347022339957	0.836161761167756	0
LINC01645	0	0	0
CAMTA1-AS1	0	0	0
MIR137HG	-0.371657431985985	0.475769782199532	0.636102299749372
HSPA7	1.46194685426208	0.752041993909065	0
LINC01770	0	0	0
LINC02813	2.49926152506514	0.118974444661869	0.23709468914465
GBP1P1	0	0	0
LINC01710	0	0	0
LINC01745	0	0	0
RWDD3-DT	0.962199180295452	0.562330231189186	0.708344538943101
LINC01776	-0.276958467635702	0.785518345378925	0.871290033904569
AP4B1-AS1	0.442420171506565	0.644325414505479	0.771616489041047
LEMD1-AS1	0	1	0
LINC02608	0.167111267501991	0.972729126300798	0
LINC01748	0	0	0
LINC01035	0	0	0
KIRREL1-IT1	-0.533872754459086	0.913505745477779	0
DAB1-AS1	0	0	0
LINC02785	0	0	0
ARHGAP29-AS1	1.65254279665451	0.737644619200018	0
SMYD3-AS1	0	1	0
LINC01359	-2.57297087873385	0.198740209700623	0.347090864283072
LINC02798	2.05597378077356	0.254312408897573	0.414021862217635
LINC01364	-1.19869247326665	0.809406922440342	0
HSD11B1-AS1	-1.92870667100961	0.680537674235454	0
LINC01132	0.118106655807116	0.974519228864141	0
LINC01714	0	0	0
CALR4P	1.36364631174167	0.776948325890932	0
TEX46	2.04990498869683	0.661334240582118	0
EPHA2-AS1	0.290666711758803	0.803696117529393	0.883896903986568
NGF-AS1	-1.82739062247218	0.636449725022343	0
LINC02869	4.30776184436002	0.315844226200856	0
ITPKB-IT1	0	0	0
LINC01768	0	0	0
MIR34AHG	-1.20732243612614	0.000655938559368948	0.00336017187145408
LYPLAL1-AS1	-3.23533143924199	1.5590916699538e-05	0.000130411797707044
LINC01344	0	0	0
LINC02607	0	0	0
LINC02787	0	0	0
LINC02768	0	0	0
PIN1P1	0	0	0
PDC-AS1	2.74737350895793	0.0838201560727544	0.181501353227752
FOXO6-AS1	0	0	0
MIR181A1HG	0.592761297918049	0.708178914610541	0.818202607154243
AGBL4-AS1	0	0	0
ACBD6	-0.583624570724235	0.0404942506241092	0.103963027234148
LINC02812	0	0	0
LINC01349	0	0	0
DNM3OS	-1.31098035425487	0.0864809460859976	0.18567164228312
LINC02884	0	0	0
GORAB-AS1	-0.286645195654302	0.896157444387577	0
PDE4DIPP6	1.22698485544959	0.255154305778675	0.414939673366282
LINC02789	0	0	0
EMBP1	-2.6017701663015	0.0335106372764559	0.0900210099246342
LINC01354	2.059614480224	0.676572947990665	0
LINC01787	0	0	0
GNG12-AS1	-0.342821673672329	0.791271753784623	0.87582575753205
LINC02777	1.28265701485902	5.90989268757395e-06	5.55129910362345e-05
TGFB2-AS1	-2.352680366079	0.251849197275725	0.411371084186714
LINC01705	-1.0846039124084	0.169401922472055	0.30863343314616
PLPPR5-AS1	0	0	0
DPYD-AS1	0	0	0
RERE-AS1	0	1	0
LINC01725	0	0	0
LINC01677	0	0	0
PHC2-AS1	-1.18998969016102	0.810740692388451	0
CNIH3-AS2	-0.572646799840734	0.40055164300826	0.567114823533571
LINC01765	0	0	0
BTG2-DT	0	0	0
UQCRHL	0.0979900972642017	0.786729778547021	0.87233915184978
LINC02574	3.96094690921901	0.413022885689012	0
LINC01681	0	0	0
LINC01675	2.3135448060187	0.639131013878187	0
LINC01781	0	0	0
LINC01641	0	0	0
LINC02765	0	1	0
ACBD3-AS1	1.75748019766402	0.412887572202555	0.578594566265786
LNCTAM34A	0.189411083978249	0.896635404289934	0.940743965944829
KAZN-AS1	0	0	0
LINC02817	-0.792367055659895	0.871159813518484	0
NUTF2P4	0	0	0
SMIM1	0	0	0
LINC01702	0	0	0
LINC01221	0	0	0
CNN3-DT	0.829173460686523	0.00658345071907272	0.023757565156705
DPYD-AS2	0	1	0
LINC01361	0	0	0
LINC01744	0	0	0
LINC02810	0	0	0
OVAAL	0	0	0
LINC01741	0	0	0
LINC01774	0	0	0
LINC01141	-1.79277455178891	0.716781282643072	0
MMEL1-AS1	1.42877300637837	0.773871330065657	0
LINC01732	0	0	0
LINC01358	-0.421385272423909	0.211372852284301	0.363013024946059
MGC27382	2.60676950517647	0.547900286831173	0
LINC02971	-1.1859785627865	0.811355875435395	0
CAMTA1-AS2	0	0	0
NFIA-AS2	-2.25230872695039	0.264500383928924	0.425315758813032
LINC02773	0	0	0
LINC02257	-3.33330084128646	0.0988478102979577	0.205745014527023
LINC02806	-1.61965910577664	0.45096070052753	0.614980452930318
OR2W3	-1.68582997459763	0.0201414424910576	0.0597242562701281
ERRFI1-DT	0	1	0
C1orf226	1.33695220008626	0.0433316954614049	0.109540839187025
UOX	4.3960821232793	0.360595692476105	0
BGLAP	-0.2223434945279	0.927030922859034	0
MRPL20	-0.448568883767718	0.0162256402410178	0.0501582262321156
CFAP57	3.65675291001146	0.0278610065804217	0.0773319516451225
TMEM35B	0.510516964409811	0.1348836920469	0.260014483108869
DDOST	0.23860767077662	0.201452388051114	0.350337293621894
CDK11B	0.352236358395551	0.0603347852748495	0.141431856002315
ZNF436-AS1	0.293261192490013	0.6952035097038	0.808949903503353
TMEM200B	-3.39949478011694	6.71589603924535e-08	1.01954911737449e-06
TRNP1	1.55841838375722	0.00093220267045822	0.00455289170426769
UAP1-DT	0	0	0
DDX59-AS1	1.22337663019958	0.629997141136965	0
GS1-279B7.1	0	0	0
LINC01735	0	0	0
LINC01686	-0.218937409723481	0.963263404444813	0
MIR378G	0	0	0
IKBKE	-3.88291681991406	2.77903673033962e-24	6.29499733848309e-22
MIR4253	0	0	0
NOTCH2NLA	-0.398142324341369	0.211366342510461	0.363013024946059
MIR548AC	0	0	0
OTUD7B	0.622358858244791	0.00158431497198577	0.00717584351940327
MIR3117	0	0	0
MIR4420	0	0	0
SEC22B	0.470438394902758	0.0360100431248052	0.0949364441284998
MIR4422	0	0	0
SRGAP2	0.340208180952024	0.0558822991347256	0.133273188646279
RASSF5	-1.48318493372489	1.17215272219921e-08	2.08668597076603e-07
MIR4711	0	0	0
MRPS21	0.175739705845331	0.563249844809375	0.709262919594782
MIR3972	0	0	0
LINC01140	-1.38607562180626	0.444655505513537	0.608994790962213
NBPF9	0.206507572146413	0.279123857528843	0.441564270242223
NBPF14	0.50671105239193	0.0514357359384712	0.124863765476651
NUDT4P2	0	0	0
NBPF19	0.464015617314006	0.0772617050617182	0.170790400633907
LINC01145	-0.116785600389437	0.685395198205215	0.80109391456775
LRRC8D-DT	-1.51876492440905	0.753784753338637	0
NBPF26	0.295015996215303	0.128223643249889	0.250734603842583
LINC01138	-0.662552124911349	0.13635523322035	0.261905709656281
MIR6728	0	0	0
SEC22B2P	-1.5008239604084	0.644152260951646	0
PDE4DIPP5	0	0	0
PDE4DIPP2	0.342758351712277	0.467348693441291	0.628908383855575
RNVU1-26	0	0	0
RNVU1-19	0	0	0
PDE4DIPP4	2.74760194367796	0.57520823229193	0
MIR6500	0	0	0
MIR7156	0	0	0
MIR6737	0	0	0
RAB7B	-0.379098832064929	0.623667084621436	0.757090503673441
MIR6730	0	0	0
HYDIN2	0.250317479553648	0.527542078550478	0.680740685044151
SCARNA2	1.43585315325945	0.623235961662735	0
WASH9P	-0.056752401539147	0.840648587163002	0.906179351877562
LINC01348	-3.83475416605479	0.0110967070191813	0.0366815260529752
LINC01144	2.73245483332452	0.157930339924624	0.293367255056515
LINC02815	0	0	0
MIR7846	0	0	0
MIR3916	0	0	0
MIR3658	0	0	0
LINC02801	0	0	0
MIR34A	0	0	0
LINC02606	0.505589384202334	0.658121737019867	0.781847180150042
TBCE	-0.126952504135004	0.545973080230342	0.694967800807347
LINC02988	2.0879038681511	0.595832438853556	0
TOP1P1	0.600276244861334	0.671047054235874	0.790919714804261
LINC02793	0	0	0
BMP8B-AS1	2.98576469260514	0.539631697300092	0
NOTCH2NLB	-0.514689171151645	0.265321606145636	0.426275305096368
NOTCH2NLC	-0.316224114132932	0.262802647391086	0.423298060656815
LSP1P5	0.93541669662287	6.59916261045239e-05	0.000464463205586376
